0	0	7.60238e-18
0	0.5	1.52169e-18
0	1	2.45562e-19
0	1.5	3.1949e-20
0	2	3.3513e-21
0	2.5	2.83419e-22
0	3	1.93243e-23
0	3.5	1.06228e-24
0	4	4.70799e-26
0	4.5	1.68225e-27
0	5	4.84624e-29
0	5.5	1.12559e-30
0	6	2.10772e-32
0	6.5	3.18206e-34
0	7	3.87313e-36
0	7.5	3.80081e-38
0	8	3.00711e-40
0	8.5	1.91815e-42
0	9	9.86454e-45
0	9.5	4.09006e-47
0	10	1.36723e-49
0	10.5	3.68482e-52
0	11	8.00661e-55
0	11.5	1.40262e-57
0	12	1.98104e-60
0	12.5	2.25583e-63
0	13	2.07099e-66
0	13.5	1.53289e-69
0	14	9.14748e-73
0	14.5	4.40102e-76
0	15	1.70712e-79
0	15.5	5.3387e-83
0	16	1.34607e-86
0	16.5	2.73626e-90
0	17	4.48444e-94
0	17.5	5.92541e-98
0	18	6.31232e-102
0	18.5	5.42149e-106
0	19	3.75413e-110
0	19.5	2.09584e-114
0	20	9.4334e-119
0.5	0	7.11896e-17
0.5	0.5	1.54801e-17
0.5	1	2.71388e-18
0.5	1.5	3.83591e-19
0.5	2	4.37125e-20
0.5	2.5	4.01608e-21
0.5	3	2.97481e-22
0.5	3.5	1.77654e-23
0.5	4	8.55365e-25
0.5	4.5	3.32038e-26
0.5	5	1.03916e-27
0.5	5.5	2.62204e-29
0.5	6	5.33403e-31
0.5	6.5	8.74844e-33
0.5	7	1.15682e-34
0.5	7.5	1.23328e-36
0.5	8	1.06002e-38
0.5	8.5	7.34565e-41
0.5	9	4.10398e-43
0.5	9.5	1.84858e-45
0.5	10	6.71326e-48
0.5	10.5	1.96557e-50
0.5	11	4.63982e-53
0.5	11.5	8.8303e-56
0.5	12	1.3549e-58
0.5	12.5	1.67611e-61
0.5	13	1.67169e-64
0.5	13.5	1.34421e-67
0.5	14	8.71447e-71
0.5	14.5	4.55485e-74
0.5	15	1.9194e-77
0.5	15.5	6.52107e-81
0.5	16	1.7862e-84
0.5	16.5	3.9446e-88
0.5	17	7.02319e-92
0.5	17.5	1.00815e-95
0.5	18	1.16675e-99
0.5	18.5	1.08865e-103
0.5	19	8.18955e-108
0.5	19.5	4.96697e-112
0.5	20	2.42875e-116
1	0	6.16755e-16
1	0.5	1.45697e-16
1	1	2.77492e-17
1	1.5	4.26097e-18
1	2	5.27505e-19
1	2.5	5.26507e-20
1	3	4.23684e-21
1	3.5	2.74878e-22
1	4	1.4378e-23
1	4.5	6.06337e-25
1	5	2.06154e-26
1	5.5	5.65104e-28
1	6	1.24889e-29
1	6.5	2.22527e-31
1	7	3.19667e-33
1	7.5	3.70232e-35
1	8	3.45709e-37
1	8.5	2.60259e-39
1	9	1.57965e-41
1	9.5	7.72997e-44
1	10	3.04967e-46
1	10.5	9.70037e-49
1	11	2.48762e-51
1	11.5	5.14326e-54
1	12	8.5734e-57
1	12.5	1.1522e-59
1	13	1.24842e-62
1	13.5	1.09058e-65
1	14	7.68086e-69
1	14.5	4.36138e-72
1	15	1.99663e-75
1	15.5	7.36938e-79
1	16	2.19293e-82
1	16.5	5.26111e-86
1	17	1.01763e-89
1	17.5	1.58695e-93
1	18	1.99524e-97
1	18.5	2.0225e-101
1	19	1.65288e-105
1	19.5	1.08906e-109
1	20	5.78528e-114
1.5	0	4.94354e-15
1.5	0.5	1.2687e-15
1.5	1	2.62505e-16
1.5	1.5	4.37902e-17
1.5	2	5.88947e-18
1.5	2.5	6.38609e-19
1.5	3	5.58283e-20
1.5	3.5	3.93489e-21
1.5	4	2.236e-22
1.5	4.5	1.0244e-23
1.5	5	3.7838e-25
1.5	5.5	1.1268e-26
1.5	6	2.70535e-28
1.5	6.5	5.23675e-30
1.5	7	8.17259e-32
1.5	7.5	1.02829e-33
1.5	8	1.04312e-35
1.5	8.5	8.53122e-38
1.5	9	5.62533e-40
1.5	9.5	2.99051e-42
1.5	10	1.28174e-44
1.5	10.5	4.42912e-47
1.5	11	1.23394e-49
1.5	11.5	2.7716e-52
1.5	12	5.0191e-55
1.5	12.5	7.32793e-58
1.5	13	8.62575e-61
1.5	13.5	8.18601e-64
1.5	14	6.26336e-67
1.5	14.5	3.86369e-70
1.5	15	1.92158e-73
1.5	15.5	7.70499e-77
1.5	16	2.49084e-80
1.5	16.5	6.49203e-84
1.5	17	1.36419e-87
1.5	17.5	2.31115e-91
1.5	18	3.15677e-95
1.5	18.5	3.47629e-99
1.5	19	3.08638e-103
1.5	19.5	2.20924e-107
1.5	20	1.27496e-111
2	0	3.66599e-14
2	0.5	1.0221e-14
2	1	2.29749e-15
2	1.5	4.16365e-16
2	2	6.08352e-17
2	2.5	7.1663e-18
2	3	6.80605e-19
2	3.5	5.21141e-20
2	4	3.21718e-21
2	4.5	1.60123e-22
2	5	6.42531e-24
2	5.5	2.07871e-25
2	6	5.42191e-27
2	6.5	1.14017e-28
2	7	1.93308e-30
2	7.5	2.64234e-32
2	8	2.91197e-34
2	8.5	2.58729e-36
2	9	1.85337e-38
2	9.5	1.07039e-40
2	10	4.98401e-43
2	10.5	1.87101e-45
2	11	5.66283e-48
2	11.5	1.38182e-50
2	12	2.71849e-53
2	12.5	4.31186e-56
2	13	5.51393e-59
2	13.5	5.68483e-62
2	14	4.72535e-65
2	14.5	3.16672e-68
2	15	1.71099e-71
2	15.5	7.45319e-75
2	16	2.61757e-78
2	16.5	7.41162e-82
2	17	1.69195e-85
2	17.5	3.11404e-89
2	18	4.62081e-93
2	18.5	5.52807e-97
2	19	5.33197e-101
2	19.5	4.14632e-105
2	20	2.59954e-109
2.5	0	2.51521e-13
2.5	0.5	7.61828e-14
2.5	1	1.86037e-14
2.5	1.5	3.66269e-15
2.5	2	5.81383e-16
2.5	2.5	7.44018e-17
2.5	3	7.67653e-18
2.5	3.5	6.38566e-19
2.5	4	4.28259e-20
2.5	4.5	2.31562e-21
2.5	5	1.00946e-22
2.5	5.5	3.54788e-24
2.5	6	1.00533e-25
2.5	6.5	2.29672e-27
2.5	7	4.23028e-29
2.5	7.5	6.28187e-31
2.5	8	7.52087e-33
2.5	8.5	7.25951e-35
2.5	9	5.64946e-37
2.5	9.5	3.54459e-39
2.5	10	1.79302e-41
2.5	10.5	7.31246e-44
2.5	11	2.40437e-46
2.5	11.5	6.37383e-49
2.5	12	1.36226e-51
2.5	12.5	2.34734e-54
2.5	13	3.26103e-57
2.5	13.5	3.65251e-60
2.5	14	3.2983e-63
2.5	14.5	2.4013e-66
2.5	15	1.4095e-69
2.5	15.5	6.67023e-73
2.5	16	2.54494e-76
2.5	16.5	7.82843e-80
2.5	17	1.94147e-83
2.5	17.5	3.88193e-87
2.5	18	6.25782e-91
2.5	18.5	8.13316e-95
2.5	19	8.52227e-99
2.5	19.5	7.19964e-103
2.5	20	4.90372e-107
3	0	1.59656e-12
3	0.5	5.25351e-13
3	1	1.39371e-13
3	1.5	2.98096e-14
3	2	5.14042e-15
3	2.5	7.14663e-16
3	3	8.01057e-17
3	3.5	7.23912e-18
3	4	5.27434e-19
3	4.5	3.0982e-20
3	5	1.46728e-21
3	5.5	5.60239e-23
3	6	1.72462e-24
3	6.5	4.28032e-26
3	7	8.56479e-28
3	7.5	1.38171e-29
3	8	1.79713e-31
3	8.5	1.88451e-33
3	9	1.59323e-35
3	9.5	1.08597e-37
3	10	5.96788e-40
3	10.5	2.64411e-42
3	11	9.44494e-45
3	11.5	2.72006e-47
3	12	6.31565e-50
3	12.5	1.18227e-52
3	13	1.78433e-55
3	13.5	2.17118e-58
3	14	2.12997e-61
3	14.5	1.68466e-64
3	15	1.07426e-67
3	15.5	5.52292e-71
3	16	2.28922e-74
3	16.5	7.65006e-78
3	17	2.06111e-81
3	17.5	4.47713e-85
3	18	7.84074e-89
3	18.5	1.10707e-92
3	19	1.26023e-96
3	19.5	1.15661e-100
3	20	8.55824e-105
3.5	0	9.37621e-12
3.5	0.5	3.35175e-12
3.5	1	9.65997e-13
3.5	1.5	2.24461e-13
3.5	2	4.20498e-14
3.5	2.5	6.35108e-15
3.5	3	7.73377e-16
3.5	3.5	7.59267e-17
3.5	4	6.00977e-18
3.5	4.5	3.83514e-19
3.5	5	1.97317e-20
3.5	5.5	8.18477e-22
3.5	6	2.73722e-23
3.5	6.5	7.38026e-25
3.5	7	1.60433e-26
3.5	7.5	2.81175e-28
3.5	8	3.97299e-30
3.5	8.5	4.52605e-32
3.5	9	4.15701e-34
3.5	9.5	3.07824e-36
3.5	10	1.83774e-38
3.5	10.5	8.84555e-41
3.5	11	3.43262e-43
3.5	11.5	1.07396e-45
3.5	12	2.70899e-48
3.5	12.5	5.50918e-51
3.5	13	9.0329e-54
3.5	13.5	1.19406e-56
3.5	14	1.27259e-59
3.5	14.5	1.09347e-62
3.5	15	7.57506e-66
3.5	15.5	4.23083e-69
3.5	16	1.90513e-72
3.5	16.5	6.91646e-76
3.5	17	2.02443e-79
3.5	17.5	4.77728e-83
3.5	18	9.08907e-87
3.5	18.5	1.39418e-90
3.5	19	1.72415e-94
3.5	19.5	1.71907e-98
3.5	20	1.38188e-102
4	0	5.09444e-11
4	0.5	1.97844e-11
4	1	6.19452e-12
4	1.5	1.5637e-12
4	2	3.18242e-13
4	2.5	5.22183e-14
4	3	6.90793e-15
4	3.5	7.36771e-16
4	4	6.33544e-17
4	4.5	4.39219e-18
4	5	2.45496e-19
4	5.5	1.10629e-20
4	6	4.01932e-22
4	6.5	1.17733e-23
4	7	2.78035e-25
4	7.5	5.29374e-27
4	8	8.12617e-29
4	8.5	1.0057e-30
4	9	1.00349e-32
4	9.5	8.07261e-35
4	10	5.23572e-37
4	10.5	2.73778e-39
4	11	1.1542e-41
4	11.5	3.92304e-44
4	12	1.07504e-46
4	12.5	2.37512e-49
4	13	4.23065e-52
4	13.5	6.07559e-55
4	14	7.03444e-58
4	14.5	6.56644e-61
4	15	4.94186e-64
4	15.5	2.99855e-67
4	16	1.46687e-70
4	16.5	5.78538e-74
4	17	1.83963e-77
4	17.5	4.71619e-81
4	18	9.7479e-85
4	18.5	1.62439e-88
4	19	2.18238e-92
4	19.5	2.3639e-96
4	20	2.06437e-100
4.5	0	2.56092e-10
4.5	0.5	1.08044e-10
4.5	1	3.6751e-11
4.5	1.5	1.00785e-11
4.5	2	2.22834e-12
4.5	2.5	3.97217e-13
4.5	3	5.70865e-14
4.5	3.5	6.61453e-15
4.5	4	6.17909e-16
4.5	4.5	4.65383e-17
4.5	5	2.82589e-18
4.5	5.5	1.38344e-19
4.5	6	5.46041e-21
4.5	6.5	1.7376e-22
4.5	7	4.45794e-24
4.5	7.5	9.22102e-26
4.5	8	1.53774e-27
4.5	8.5	2.06751e-29
4.5	9	2.24115e-31
4.5	9.5	1.95864e-33
4.5	10	1.38006e-35
4.5	10.5	7.83974e-38
4.5	11	3.59058e-40
4.5	11.5	1.32583e-42
4.5	12	3.94703e-45
4.5	12.5	9.47356e-48
4.5	13	1.83323e-50
4.5	13.5	2.86008e-53
4.5	14	3.5975e-56
4.5	14.5	3.64823e-59
4.5	15	2.9828e-62
4.5	15.5	1.96619e-65
4.5	16	1.04493e-68
4.5	16.5	4.47722e-72
4.5	17	1.54664e-75
4.5	17.5	4.30755e-79
4.5	18	9.67234e-83
4.5	18.5	1.75102e-86
4.5	19	2.55571e-90
4.5	19.5	3.00741e-94
4.5	20	2.8532e-98
5	0	1.19103e-09
5	0.5	5.45897e-10
5	1	2.01724e-10
5	1.5	6.00988e-11
5	2	1.44356e-11
5	2.5	2.79551e-12
5	3	4.36463e-13
5	3.5	5.49408e-14
5	4	5.57573e-15
5	4.5	4.56213e-16
5	5	3.0095e-17
5	5.5	1.60059e-18
5	6	6.8632e-20
5	6.5	2.37264e-21
5	7	6.613e-23
5	7.5	1.48602e-24
5	8	2.69221e-26
5	8.5	3.93237e-28
5	9	4.63084e-30
5	9.5	4.39667e-32
5	10	3.3655e-34
5	10.5	2.07699e-36
5	11	1.03342e-38
5	11.5	4.14555e-41
5	12	1.34074e-43
5	12.5	3.49599e-46
5	13	7.34943e-49
5	13.5	1.24565e-51
5	14	1.70216e-54
5	14.5	1.87527e-57
5	15	1.66566e-60
5	15.5	1.1928e-63
5	16	6.88671e-67
5	16.5	3.20564e-70
5	17	1.20303e-73
5	17.5	3.63998e-77
5	18	8.87934e-81
5	18.5	1.74631e-84
5	19	2.76901e-88
5	19.5	3.53985e-92
5	20	3.64844e-96
5.5	0	5.12482e-09
5.5	0.5	2.55181e-09
5.5	1	1.02442e-09
5.5	1.5	3.31563e-10
5.5	2	8.65196e-11
5.5	2.5	1.82022e-11
5.5	3	3.08739e-12
5.5	3.5	4.22201e-13
5.5	4	4.65486e-14
5.5	4.5	4.13766e-15
5.5	5	2.96526e-16
5.5	5.5	1.71329e-17
5.5	6	7.98099e-19
5.5	6.5	2.9974e-20
5.5	7	9.07592e-22
5.5	7.5	2.21563e-23
5.5	8	4.36078e-25
5.5	8.5	6.91975e-27
5.5	9	8.85272e-29
5.5	9.5	9.13109e-31
5.5	10	7.59326e-33
5.5	10.5	5.0909e-35
5.5	11	2.75182e-37
5.5	11.5	1.19924e-39
5.5	12	4.21357e-42
5.5	12.5	1.19359e-44
5.5	13	2.72596e-47
5.5	13.5	5.01932e-50
5.5	14	7.45125e-53
5.5	14.5	8.91812e-56
5.5	15	8.60553e-59
5.5	15.5	6.69486e-62
5.5	16	4.19919e-65
5.5	16.5	2.12348e-68
5.5	17	8.6575e-72
5.5	17.5	2.84574e-75
5.5	18	7.54152e-79
5.5	18.5	1.61132e-82
5.5	19	2.77565e-86
5.5	19.5	3.85485e-90
5.5	20	4.31628e-94
6	0	2.04016e-08
6	0.5	1.10361e-08
6	1	4.8131e-09
6	1.5	1.69237e-09
6	2	4.7976e-10
6	2.5	1.09651e-10
6	3	2.02052e-11
6	3.5	3.00174e-12
6	4	3.59535e-13
6	4.5	3.47193e-14
6	5	2.70308e-15
6	5.5	1.69671e-16
6	6	8.5865e-18
6	6.5	3.50336e-19
6	7	1.15242e-20
6	7.5	3.05633e-22
6	8	6.53504e-24
6	8.5	1.12656e-25
6	9	1.56575e-27
6	9.5	1.75449e-29
6	10	1.58503e-31
6	10.5	1.15447e-33
6	11	6.77939e-36
6	11.5	3.20965e-38
6	12	1.22513e-40
6	12.5	3.77024e-43
6	13	9.35439e-46
6	13.5	1.8712e-48
6	14	3.01778e-51
6	14.5	3.92385e-54
6	15	4.11337e-57
6	15.5	3.4765e-60
6	16	2.36891e-63
6	16.5	1.30141e-66
6	17	5.76418e-70
6	17.5	2.05836e-73
6	18	5.92606e-77
6	18.5	1.37553e-80
6	19	2.57415e-84
6	19.5	3.88381e-88
6	20	4.72434e-92
6.5	0	7.51412e-08
6.5	0.5	4.4158e-08
6.5	1	2.09219e-08
6.5	1.5	7.99194e-09
6.5	2	2.46129e-09
6.5	2.5	6.1113e-10
6.5	3	1.22339e-10
6.5	3.5	1.97449e-11
6.5	4	2.56924e-12
6.5	4.5	2.69535e-13
6.5	5	2.27974e-14
6.5	5.5	1.55459e-15
6.5	6	8.54681e-17
6.5	6.5	3.78838e-18
6.5	7	1.35383e-19
6.5	7.5	3.9006e-21
6.5	8	9.06068e-23
6.5	8.5	1.69687e-24
6.5	9	2.56211e-26
6.5	9.5	3.11893e-28
6.5	10	3.06108e-30
6.5	10.5	2.42216e-32
6.5	11	1.54522e-34
6.5	11.5	7.94763e-37
6.5	12	3.29568e-39
6.5	12.5	1.10183e-41
6.5	13	2.96989e-44
6.5	13.5	6.45397e-47
6.5	14	1.13077e-49
6.5	14.5	1.59728e-52
6.5	15	1.81906e-55
6.5	15.5	1.67022e-58
6.5	16	1.2364e-61
6.5	16.5	7.37913e-65
6.5	17	3.55067e-68
6.5	17.5	1.37745e-71
6.5	18	4.30826e-75
6.5	18.5	1.08639e-78
6.5	19	2.20868e-82
6.5	19.5	3.62024e-86
6.5	20	4.78412e-90
7	0	2.56048e-07
7	0.5	1.63468e-07
7	1	8.41407e-08
7	1.5	3.49171e-08
7	2	1.16824e-08
7	2.5	3.15125e-09
7	3	6.85321e-10
7	3.5	1.20162e-10
7	4	1.69862e-11
7	4.5	1.93593e-12
7	5	1.77885e-13
7	5.5	1.3178e-14
7	6	7.87084e-16
7	6.5	3.79011e-17
7	7	1.47144e-18
7	7.5	4.60566e-20
7	8	1.16226e-21
7	8.5	2.36468e-23
7	9	3.87884e-25
7	9.5	5.12969e-27
7	10	5.46941e-29
7	10.5	4.70165e-31
7	11	3.25851e-33
7	11.5	1.82074e-35
7	12	8.20231e-38
7	12.5	2.9791e-40
7	13	8.72355e-43
7	13.5	2.0595e-45
7	14	3.92003e-48
7	14.5	6.01557e-51
7	15	7.4426e-54
7	15.5	7.4239e-57
7	16	5.97034e-60
7	16.5	3.87103e-63
7	17	2.02355e-66
7	17.5	8.52826e-70
7	18	2.89779e-73
7	18.5	7.9384e-77
7	19	1.75331e-80
7	19.5	3.12209e-84
7	20	4.4822e-88
7.5	0	8.07222e-07
7.5	0.5	5.5987e-07
7.5	1	3.13069e-07
7.5	1.5	1.41141e-07
7.5	2	5.13012e-08
7.5	2.5	1.50335e-08
7.5	3	3.55184e-09
7.5	3.5	6.76559e-10
7.5	4	1.03901e-10
7.5	4.5	1.28644e-11
7.5	5	1.28417e-12
7.5	5.5	1.03351e-13
7.5	6	6.70605e-15
7.5	6.5	3.50816e-16
7.5	7	1.47962e-17
7.5	7.5	5.03132e-19
7.5	8	1.37934e-20
7.5	8.5	3.04876e-22
7.5	9	5.43294e-24
7.5	9.5	7.80558e-26
7.5	10	9.0414e-28
7.5	10.5	8.44357e-30
7.5	11	6.35735e-32
7.5	11.5	3.8591e-34
7.5	12	1.88867e-36
7.5	12.5	7.45222e-39
7.5	13	2.37069e-41
7.5	13.5	6.08029e-44
7.5	14	1.25728e-46
7.5	14.5	2.09606e-49
7.5	15	2.81729e-52
7.5	15.5	3.05295e-55
7.5	16	2.66728e-58
7.5	16.5	1.87878e-61
7.5	17	1.06695e-64
7.5	17.5	4.88509e-68
7.5	18	1.80327e-71
7.5	18.5	5.36671e-75
7.5	19	1.2877e-78
7.5	19.5	2.49105e-82
7.5	20	3.88517e-86
8	0	2.35448e-06
8	0.5	1.77406e-06
8	1	1.07771e-06
8	1.5	5.27835e-07
8	2	2.08426e-07
8	2.5	6.6354e-08
8	3	1.7031e-08
8	3.5	3.52432e-09
8	4	5.87988e-10
8	4.5	7.90901e-11
8	5	8.577e-12
8	5.5	7.49909e-13
8	6	5.28618e-14
8	6.5	3.00424e-15
8	7	1.37654e-16
8	7.5	5.08511e-18
8	8	1.51451e-19
8	8.5	3.63668e-21
8	9	7.04039e-23
8	9.5	1.09888e-24
8	10	1.3828e-26
8	10.5	1.40292e-28
8	11	1.14753e-30
8	11.5	7.56753e-33
8	12	4.02351e-35
8	12.5	1.72471e-37
8	13	5.96055e-40
8	13.5	1.6608e-42
8	14	3.73084e-45
8	14.5	6.75705e-48
8	15	9.86659e-51
8	15.5	1.16155e-53
8	16	1.10247e-56
8	16.5	8.43638e-60
8	17	5.20481e-63
8	17.5	2.58889e-66
8	18	1.03821e-69
8	18.5	3.3567e-73
8	19	8.74985e-77
8	19.5	1.83886e-80
8	20	3.11571e-84
8.5	0	6.35366e-06
8.5	0.5	5.20092e-06
8.5	1	3.43238e-06
8.5	1.5	1.8263e-06
8.5	2	7.83443e-07
8.5	2.5	2.70958e-07
8.5	3	7.55541e-08
8.5	3.5	1.69853e-08
8.5	4	3.07856e-09
8.5	4.5	4.49865e-10
8.5	5	5.30001e-11
8.5	5.5	5.03421e-12
8.5	6	3.85519e-13
8.5	6.5	2.38023e-14
8.5	7	1.18482e-15
8.5	7.5	4.75496e-17
8.5	8	1.53851e-18
8.5	8.5	4.01341e-20
8.5	9	8.44087e-22
8.5	9.5	1.43127e-23
8.5	10	1.95665e-25
8.5	10.5	2.15658e-27
8.5	11	1.91636e-29
8.5	11.5	1.37294e-31
8.5	12	7.93017e-34
8.5	12.5	3.69296e-36
8.5	13	1.38652e-38
8.5	13.5	4.19699e-41
8.5	14	1.02426e-43
8.5	14.5	2.0153e-46
8.5	15	3.19692e-49
8.5	15.5	4.08868e-52
8.5	16	4.21593e-55
8.5	16.5	3.50481e-58
8.5	17	2.34906e-61
8.5	17.5	1.26936e-64
8.5	18	5.53012e-68
8.5	18.5	1.94243e-71
8.5	19	5.50066e-75
8.5	19.5	1.25587e-78
8.5	20	2.31171e-82
9	0	1.58629e-05
9	0.5	1.41065e-05
9	1	1.01139e-05
9	1.5	5.8462e-06
9	2	2.72452e-06
9	2.5	1.02369e-06
9	3	3.10101e-07
9	3.5	7.57355e-08
9	4	1.49127e-08
9	4.5	2.3674e-09
9	5	3.03003e-10
9	5.5	3.12668e-11
9	6	2.60123e-12
9	6.5	1.74475e-13
9	7	9.43514e-15
9	7.5	4.11361e-16
9	8	1.44597e-17
9	8.5	4.09782e-19
9	9	9.36282e-21
9	9.5	1.72473e-22
9	10	2.5615e-24
9	10.5	3.06711e-26
9	11	2.96089e-28
9	11.5	2.3045e-30
9	12	1.44607e-32
9	12.5	7.31581e-35
9	13	2.98398e-37
9	13.5	9.81269e-40
9	14	2.6016e-42
9	14.5	5.561e-45
9	15	9.58353e-48
9	15.5	1.33155e-50
9	16	1.49159e-53
9	16.5	1.3471e-56
9	17	9.80873e-60
9	17.5	5.75817e-63
9	18	2.72531e-66
9	18.5	1.03994e-69
9	19	3.19932e-73
9	19.5	7.93539e-77
9	20	1.58686e-80
9.5	0	3.66412e-05
9.5	0.5	3.53988e-05
9.5	1	2.75719e-05
9.5	1.5	1.73143e-05
9.5	2	8.76603e-06
9.5	2.5	3.57817e-06
9.5	3	1.17755e-06
9.5	3.5	3.12432e-07
9.5	4	6.68333e-08
9.5	4.5	1.15263e-08
9.5	5	1.60268e-09
9.5	5.5	1.79665e-10
9.5	6	1.62383e-11
9.5	6.5	1.18325e-12
9.5	7	6.9514e-14
9.5	7.5	3.29252e-15
9.5	8	1.25732e-16
9.5	8.5	3.87097e-18
9.5	9	9.60849e-20
9.5	9.5	1.92287e-21
9.5	10	3.10246e-23
9.5	10.5	4.03572e-25
9.5	11	4.23249e-27
9.5	11.5	3.57874e-29
9.5	12	2.43963e-31
9.5	12.5	1.34085e-33
9.5	13	5.94146e-36
9.5	13.5	2.12259e-38
9.5	14	6.11365e-41
9.5	14.5	1.41969e-43
9.5	15	2.65796e-46
9.5	15.5	4.012e-49
9.5	16	4.88241e-52
9.5	16.5	4.79035e-55
9.5	17	3.78931e-58
9.5	17.5	2.41664e-61
9.5	18	1.24258e-64
9.5	18.5	5.15107e-68
9.5	19	1.72159e-71
9.5	19.5	4.63896e-75
9.5	20	1.0078e-78
10	0	7.83045e-05
10	0.5	8.21838e-05
10	1	6.95417e-05
10	1.5	4.74422e-05
10	2	2.60942e-05
10	2.5	1.15713e-05
10	3	4.13696e-06
10	3.5	1.19245e-06
10	4	2.77114e-07
10	4.5	5.19202e-08
10	5	7.84286e-09
10	5.5	9.55152e-10
10	6	9.37843e-11
10	6.5	7.42417e-12
10	7	4.73833e-13
10	7.5	2.43816e-14
10	8	1.01148e-15
10	8.5	3.38311e-17
10	9	9.1229e-19
10	9.5	1.98339e-20
10	10	3.47653e-22
10	10.5	4.91294e-24
10	11	5.59755e-26
10	11.5	5.14178e-28
10	12	3.80793e-30
10	12.5	2.27365e-32
10	13	1.09451e-34
10	13.5	4.24791e-37
10	14	1.3292e-39
10	14.5	3.35324e-42
10	15	6.82023e-45
10	15.5	1.11839e-47
10	16	1.47859e-50
10	16.5	1.57602e-53
10	17	1.35437e-56
10	17.5	9.3836e-60
10	18	5.24159e-63
10	18.5	2.36057e-66
10	19	8.57097e-70
10	19.5	2.50901e-73
10	20	5.92156e-77
10.5	0	0.000154822
10.5	0.5	0.000176528
10.5	1	0.000162276
10.5	1.5	0.000120269
10.5	2	7.18644e-05
10.5	2.5	3.46205e-05
10.5	3	1.34466e-05
10.5	3.5	4.21069e-06
10.5	4	1.06305e-06
10.5	4.5	2.16378e-07
10.5	5	3.55084e-08
10.5	5.5	4.69797e-09
10.5	6	5.01129e-10
10.5	6.5	4.30971e-11
10.5	7	2.98818e-12
10.5	7.5	1.67042e-13
10.5	8	7.52841e-15
10.5	8.5	2.73553e-16
10.5	9	8.01381e-18
10.5	9.5	1.89276e-19
10.5	10	3.60424e-21
10.5	10.5	5.53339e-23
10.5	11	6.84902e-25
10.5	11.5	6.8348e-27
10.5	12	5.49898e-29
10.5	12.5	3.56697e-31
10.5	13	1.86541e-33
10.5	13.5	7.86524e-36
10.5	14	2.67367e-38
10.5	14.5	7.32763e-41
10.5	15	1.61912e-43
10.5	15.5	2.8844e-46
10.5	16	4.14277e-49
10.5	16.5	4.79718e-52
10.5	17	4.47859e-55
10.5	17.5	3.37098e-58
10.5	18	2.04565e-61
10.5	18.5	1.00084e-64
10.5	19	3.94784e-68
10.5	19.5	1.25549e-71
10.5	20	3.21905e-75
11	0	0.000283208
11	0.5	0.000350807
11	1	0.00035034
11	1.5	0.000282079
11	2	0.00018311
11	2.5	9.58328e-05
11	3	4.04366e-05
11	3.5	1.37561e-05
11	4	3.77291e-06
11	4.5	8.3429e-07
11	5	1.48737e-07
11	5.5	2.13785e-08
11	6	2.47741e-09
11	6.5	2.31461e-10
11	7	1.74348e-11
11	7.5	1.05881e-12
11	8	5.18413e-14
11	8.5	2.04642e-15
11	9	6.5129e-17
11	9.5	1.67114e-18
11	10	3.4571e-20
11	10.5	5.76594e-22
11	11	7.75333e-24
11	11.5	8.40556e-26
11	12	7.34691e-28
11	12.5	5.17729e-30
11	13	2.94144e-32
11	13.5	1.34734e-34
11	14	4.97571e-37
11	14.5	1.48147e-39
11	15	3.55622e-42
11	15.5	6.88249e-45
11	16	1.0739e-47
11	16.5	1.35095e-50
11	17	1.37017e-53
11	17.5	1.12039e-56
11	18	7.38629e-60
11	18.5	3.92593e-63
11	19	1.68236e-66
11	19.5	5.81237e-70
11	20	1.61901e-73
11.5	0	0.000479302
11.5	0.5	0.000644989
11.5	1	0.00069977
11.5	1.5	0.000612094
11.5	2	0.000431659
11.5	2.5	0.000245427
11.5	3	0.000112503
11.5	3.5	4.15784e-05
11.5	4	1.23888e-05
11.5	4.5	2.97612e-06
11.5	5	5.76411e-07
11.5	5.5	9.00065e-08
11.5	6	1.13312e-08
11.5	6.5	1.1501e-09
11.5	7	9.41145e-11
11.5	7.5	6.20923e-12
11.5	8	3.30277e-13
11.5	8.5	1.41637e-14
11.5	9	4.89709e-16
11.5	9.5	1.36508e-17
11.5	10	3.06788e-19
11.5	10.5	5.55876e-21
11.5	11	8.1204e-23
11.5	11.5	9.56393e-25
11.5	12	9.08146e-27
11.5	12.5	6.9524e-29
11.5	13	4.29115e-31
11.5	13.5	2.13536e-33
11.5	14	8.56703e-36
11.5	14.5	2.77108e-38
11.5	15	7.22648e-41
11.5	15.5	1.51937e-43
11.5	16	2.57551e-46
11.5	16.5	3.51982e-49
11.5	17	3.87826e-52
11.5	17.5	3.4452e-55
11.5	18	2.46747e-58
11.5	18.5	1.42478e-61
11.5	19	6.63293e-65
11.5	19.5	2.48956e-68
11.5	20	7.53352e-72
12	0	0.000750484
12	0.5	0.00109715
12	1	0.00129315
12	1.5	0.00122884
12	2	0.00094145
12	2.5	0.000581515
12	3	0.000289591
12	3.5	0.00011627
12	4	3.76366e-05
12	4.5	9.82231e-06
12	5	2.06669e-06
12	5.5	3.50589e-07
12	6	4.79492e-08
12	6.5	5.28717e-09
12	7	4.7003e-10
12	7.5	3.36889e-11
12	8	1.94674e-12
12	8.5	9.06964e-14
12	9	3.40668e-15
12	9.5	1.03165e-16
12	10	2.5188e-18
12	10.5	4.95809e-20
12	11	7.86855e-22
12	11.5	1.00678e-23
12	12	1.03857e-25
12	12.5	8.63765e-28
12	13	5.79183e-30
12	13.5	3.13109e-32
12	14	1.36469e-34
12	14.5	4.79551e-37
12	15	1.35861e-39
12	15.5	3.10322e-42
12	16	5.71468e-45
12	16.5	8.48458e-48
12	17	1.01561e-50
12	17.5	9.80139e-54
12	18	7.62616e-57
12	18.5	4.78392e-60
12	19	2.41948e-63
12	19.5	9.8655e-67
12	20	3.24322e-70
12.5	0	0.00108718
12.5	0.5	0.00172666
12.5	1	0.00221092
12.5	1.5	0.00228243
12.5	2	0.00189969
12.5	2.5	0.00127476
12.5	3	0.000689656
12.5	3.5	0.000300813
12.5	4	0.000105784
12.5	4.5	2.9992e-05
12.5	5	6.85565e-06
12.5	5.5	1.26343e-06
12.5	6	1.87722e-07
12.5	6.5	2.24874e-08
12.5	7	2.17181e-09
12.5	7.5	1.69108e-10
12.5	8	1.06162e-11
12.5	8.5	5.37317e-13
12.5	9	2.19257e-14
12.5	9.5	7.21333e-16
12.5	10	1.91328e-17
12.5	10.5	4.09147e-19
12.5	11	7.0541e-21
12.5	11.5	9.80535e-23
12.5	12	1.09887e-24
12.5	12.5	9.92855e-27
12.5	13	7.23248e-29
12.5	13.5	4.24764e-31
12.5	14	2.01126e-33
12.5	14.5	7.67802e-36
12.5	15	2.36314e-38
12.5	15.5	5.86395e-41
12.5	16	1.17314e-43
12.5	16.5	1.89221e-46
12.5	17	2.46065e-49
12.5	17.5	2.57982e-52
12.5	18	2.18066e-55
12.5	18.5	1.4861e-58
12.5	19	8.1652e-62
12.5	19.5	3.61698e-65
12.5	20	1.29177e-68
13	0	0.00145711
13	0.5	0.00251408
13	1	0.00349724
13	1.5	0.00392222
13	2	0.00354648
13	2.5	0.00258538
13	3	0.00151953
13	3.5	0.000720037
13	4	0.000275081
13	4.5	8.47277e-05
13	5	2.10402e-05
13	5.5	4.21245e-06
13	6	6.79954e-07
13	6.5	8.8488e-08
13	7	9.28429e-09
13	7.5	7.85367e-10
13	8	5.3562e-11
13	8.5	2.9451e-12
13	9	1.30558e-13
13	9.5	4.66625e-15
13	10	1.34459e-16
13	10.5	3.12373e-18
13	11	5.85082e-20
13	11.5	8.83527e-22
13	12	1.07568e-23
13	12.5	1.05586e-25
13	13	8.35578e-28
13	13.5	5.33125e-30
13	14	2.7424e-32
13	14.5	1.13735e-34
13	15	3.8029e-37
13	15.5	1.02517e-39
13	16	2.22811e-42
13	16.5	3.90426e-45
13	17	5.51568e-48
13	17.5	6.28232e-51
13	18	5.769e-54
13	18.5	4.27111e-57
13	19	2.54942e-60
13	19.5	1.22688e-63
13	20	4.76015e-67
13.5	0	0.00180681
13.5	0.5	0.00338672
13.5	1	0.00511807
13.5	1.5	0.00623583
13.5	2	0.00612549
13.5	2.5	0.00485119
13.5	3	0.00309753
13.5	3.5	0.00159456
13.5	4	0.000661802
13.5	4.5	0.000221449
13.5	5	5.97421e-05
13.5	5.5	1.29941e-05
13.5	6	2.27862e-06
13.5	6.5	3.2215e-07
13.5	7	3.67201e-08
13.5	7.5	3.3745e-09
13.5	8	2.5002e-10
13.5	8.5	1.49348e-11
13.5	9	7.19257e-13
13.5	9.5	2.79273e-14
13.5	10	8.74245e-16
13.5	10.5	2.20647e-17
13.5	11	4.48974e-19
13.5	11.5	7.36555e-21
13.5	12	9.74202e-23
13.5	12.5	1.03885e-24
13.5	13	8.93133e-27
13.5	13.5	6.1907e-29
13.5	14	3.45957e-31
13.5	14.5	1.55871e-33
13.5	15	5.66198e-36
13.5	15.5	1.65818e-38
13.5	16	3.91519e-41
13.5	16.5	7.45307e-44
13.5	17	1.14387e-46
13.5	17.5	1.4154e-49
13.5	18	1.41202e-52
13.5	18.5	1.1357e-55
13.5	19	7.36451e-59
13.5	19.5	3.85022e-62
13.5	20	1.62288e-65
14	0	0.00207281
14	0.5	0.00422093
14	1	0.00692974
14	1.5	0.00917245
14	2	0.00978844
14	2.5	0.00842174
14	3	0.00584184
14	3.5	0.00326706
14	4	0.00147308
14	4.5	0.000535492
14	5	0.000156942
14	5.5	3.70841e-05
14	6	7.06471e-06
14	6.5	1.08508e-06
14	7	1.34365e-07
14	7.5	1.34145e-08
14	8	1.07974e-09
14	8.5	7.00691e-11
14	9	3.666e-12
14	9.5	1.54639e-13
14	10	5.25901e-15
14	10.5	1.44195e-16
14	11	3.18753e-18
14	11.5	5.68094e-20
14	12	8.16291e-22
14	12.5	9.45648e-24
14	13	8.83231e-26
14	13.5	6.65087e-28
14	14	4.03778e-30
14	14.5	1.97636e-32
14	15	7.79921e-35
14	15.5	2.48139e-37
14	16	6.365e-40
14	16.5	1.31632e-42
14	17	2.19475e-45
14	17.5	2.95031e-48
14	18	3.1975e-51
14	18.5	2.79392e-54
14	19	1.96823e-57
14	19.5	1.11789e-60
14	20	5.11894e-64
14.5	0	0.00220007
14.5	0.5	0.00486705
14.5	1	0.00868072
14.5	1.5	0.0124826
14.5	2	0.0144715
14.5	2.5	0.0135265
14.5	3	0.0101933
14.5	3.5	0.00619302
14.5	4	0.00303355
14.5	4.5	0.00119801
14.5	5	0.000381442
14.5	5.5	9.79167e-05
14.5	6	2.02649e-05
14.5	6.5	3.38137e-06
14.5	7	4.54884e-07
14.5	7.5	4.93365e-08
14.5	8	4.31416e-09
14.5	8.5	3.04147e-10
14.5	9	1.72874e-11
14.5	9.5	7.92204e-13
14.5	10	2.92687e-14
14.5	10.5	8.71828e-16
14.5	11	2.09371e-17
14.5	11.5	4.05381e-19
14.5	12	6.32804e-21
14.5	12.5	7.96407e-23
14.5	13	8.08092e-25
14.5	13.5	6.61069e-27
14.5	14	4.36006e-29
14.5	14.5	2.31845e-31
14.5	15	9.93945e-34
14.5	15.5	3.43548e-36
14.5	16	9.57353e-39
14.5	16.5	2.15088e-41
14.5	17	3.89602e-44
14.5	17.5	5.68964e-47
14.5	18	6.69899e-50
14.5	18.5	6.35906e-53
14.5	19	4.86672e-56
14.5	19.5	3.0029e-59
14.5	20	1.49384e-62
15	0	0.00216044
15	0.5	0.00519221
15	1	0.0100606
15	1.5	0.0157164
15	2	0.0197945
15	2.5	0.0201
15	3	0.0164553
15	3.5	0.0108612
15	4	0.00577971
15	4.5	0.00247968
15	5	0.00085772
15	5.5	0.000239197
15	6	5.37804e-05
15	6.5	9.74885e-06
15	7	1.42476e-06
15	7.5	1.67877e-07
15	8	1.59478e-08
15	8.5	1.22143e-09
15	9	7.54218e-11
15	9.5	3.75478e-12
15	10	1.50707e-13
15	10.5	4.87686e-15
15	11	1.27235e-16
15	11.5	2.6763e-18
15	12	4.53861e-20
15	12.5	6.2054e-22
15	13	6.84033e-24
15	13.5	6.07916e-26
15	14	4.35582e-28
15	14.5	2.51627e-30
15	15	1.17193e-32
15	15.5	4.40057e-35
15	16	1.33222e-37
15	16.5	3.25162e-40
15	17	6.39862e-43
15	17.5	1.01515e-45
15	18	1.29848e-48
15	18.5	1.33906e-51
15	19	1.11334e-54
15	19.5	7.46296e-58
15	20	4.03325e-61
15.5	0	0.0019628
15.5	0.5	0.0051247
15.5	1	0.0107875
15.5	1.5	0.0183076
15.5	2	0.0250498
15.5	2.5	0.0276335
15.5	3	0.0245769
15.5	3.5	0.017623
15.5	4	0.010188
15.5	4.5	0.00474855
15.5	5	0.0017844
15.5	5.5	0.000540608
15.5	6	0.000132048
15.5	6.5	2.60042e-05
15.5	7	4.1287e-06
15.5	7.5	5.28498e-07
15.5	8	5.45422e-08
15.5	8.5	4.53819e-09
15.5	9	3.04433e-10
15.5	9.5	1.6465e-11
15.5	10	7.17944e-13
15.5	10.5	2.52394e-14
15.5	11	7.15366e-16
15.5	11.5	1.6347e-17
15.5	12	3.01165e-19
15.5	12.5	4.47336e-21
15.5	13	5.357e-23
15.5	13.5	5.17213e-25
15.5	14	4.02603e-27
15.5	14.5	2.52665e-29
15.5	15	1.27842e-31
15.5	15.5	5.21506e-34
15.5	16	1.71517e-36
15.5	16.5	4.54792e-39
15.5	17	9.72255e-42
15.5	17.5	1.67574e-44
15.5	18	2.32859e-47
15.5	18.5	2.60879e-50
15.5	19	2.35638e-53
15.5	19.5	1.71597e-56
15.5	20	1.00748e-59
16	0	0.00164983
16	0.5	0.00467964
16	1	0.0107015
16	1.5	0.0197305
16	2	0.0293287
16	2.5	0.0351484
16	3	0.0339608
16	3.5	0.0264551
16	4	0.0166151
16	4.5	0.00841307
16	5	0.00343452
16	5.5	0.00113042
16	6	0.000299965
16	6.5	6.41744e-05
16	7	1.10691e-05
16	7.5	1.5393e-06
16	8	1.72582e-07
16	8.5	1.56e-08
16	9	1.13688e-09
16	9.5	6.67985e-11
16	10	3.1643e-12
16	10.5	1.2085e-13
16	11	3.72115e-15
16	11.5	9.23776e-17
16	12	1.84891e-18
16	12.5	2.9835e-20
16	13	3.88146e-22
16	13.5	4.07122e-24
16	14	3.44281e-26
16	14.5	2.34726e-28
16	15	1.29024e-30
16	15.5	5.71793e-33
16	16	2.04299e-35
16	16.5	5.88512e-38
16	17	1.36679e-40
16	17.5	2.55924e-43
16	18	3.86348e-46
16	18.5	4.70225e-49
16	19	4.61416e-52
16	19.5	3.65039e-55
16	20	2.32834e-58
16.5	0	0.00128301
16.5	0.5	0.00395354
16.5	1	0.00982201
16.5	1.5	0.0196732
16.5	2	0.0317694
16.5	2.5	0.0413621
16.5	3	0.0434167
16.5	3.5	0.0367427
16.5	4	0.0250694
16.5	4.5	0.0137904
16.5	5	0.00611604
16.5	5.5	0.00218687
16.5	6	0.000630429
16.5	6.5	0.000146524
16.5	7	2.74563e-05
16.5	7.5	4.14795e-06
16.5	8	5.05226e-07
16.5	8.5	4.96133e-08
16.5	9	3.92798e-09
16.5	9.5	2.50727e-10
16.5	10	1.29031e-11
16.5	10.5	5.35358e-13
16.5	11	1.79083e-14
16.5	11.5	4.82976e-16
16.5	12	1.05016e-17
16.5	12.5	1.84097e-19
16.5	13	2.60194e-21
16.5	13.5	2.96489e-23
16.5	14	2.72382e-25
16.5	14.5	2.01747e-27
16.5	15	1.20475e-29
16.5	15.5	5.80026e-32
16.5	16	2.25142e-34
16.5	16.5	7.04572e-37
16.5	17	1.77768e-39
16.5	17.5	3.61613e-42
16.5	18	5.93051e-45
16.5	18.5	7.84153e-48
16.5	19	8.35928e-51
16.5	19.5	7.18451e-54
16.5	20	4.97835e-57
17	0	0.000923108
17	0.5	0.00309021
17	1	0.00834035
17	1.5	0.0181485
17	2	0.0318387
17	2.5	0.0450329
17	3	0.0513529
17	3.5	0.0472128
17	4	0.0349957
17	4.5	0.0209136
17	5	0.0100764
17	5.5	0.00391415
17	6	0.00122583
17	6.5	0.000309518
17	7	6.30085e-05
17	7.5	1.03412e-05
17	8	1.36838e-06
17	8.5	1.45982e-07
17	9	1.2556e-08
17	9.5	8.70692e-10
17	10	4.86785e-11
17	10.5	2.19417e-12
17	11	7.97373e-14
17	11.5	2.33622e-15
17	12	5.51856e-17
17	12.5	1.05099e-18
17	13	1.61372e-20
17	13.5	1.99765e-22
17	14	1.99375e-24
17	14.5	1.60429e-26
17	15	1.04077e-28
17	15.5	5.44358e-31
17	16	2.29549e-33
17	16.5	7.80414e-36
17	17	2.13912e-38
17	17.5	4.72722e-41
17	18	8.42239e-44
17	18.5	1.20983e-46
17	19	1.40112e-49
17	19.5	1.30823e-52
17	20	9.84811e-56
17.5	0	0.000614473
17.5	0.5	0.0022347
17.5	1	0.00655234
17.5	1.5	0.0154893
17.5	2	0.0295209
17.5	2.5	0.0453614
17.5	3	0.0561956
17.5	3.5	0.0561278
17.5	4	0.0451975
17.5	4.5	0.0293433
17.5	5	0.0153591
17.5	5.5	0.00648157
17.5	6	0.00220524
17.5	6.5	0.00060491
17.5	7	0.000133778
17.5	7.5	2.38528e-05
17.5	8	3.4289e-06
17.5	8.5	3.97401e-07
17.5	9	3.71332e-08
17.5	9.5	2.79741e-09
17.5	10	1.69907e-10
17.5	10.5	8.32001e-12
17.5	11	3.28471e-13
17.5	11.5	1.04552e-14
17.5	12	2.68302e-16
17.5	12.5	5.55107e-18
17.5	13	9.25954e-20
17.5	13.5	1.24527e-21
17.5	14	1.35019e-23
17.5	14.5	1.18028e-25
17.5	15	8.31838e-28
17.5	15.5	4.72662e-30
17.5	16	2.16532e-32
17.5	16.5	7.99749e-35
17.5	17	2.38147e-37
17.5	17.5	5.71737e-40
17.5	18	1.10664e-42
17.5	18.5	1.72694e-45
17.5	19	2.17275e-48
17.5	19.5	2.20394e-51
17.5	20	1.80239e-54
18	0	0.000378427
18	0.5	0.00149513
18	1	0.00476253
18	1.5	0.0122308
18	2	0.0253241
18	2.5	0.0422738
18	3	0.0568942
18	3.5	0.0617341
18	4	0.054006
18	4.5	0.0380907
18	5	0.0216599
18	5.5	0.00993007
18	6	0.00367036
18	6.5	0.00109377
18	7	0.000262785
18	7.5	5.09022e-05
18	8	7.94936e-06
18	8.5	1.00089e-06
18	9	1.01602e-07
18	9.5	8.3153e-09
18	10	5.48672e-10
18	10.5	2.91882e-11
18	11	1.25188e-12
18	11.5	4.32889e-14
18	12	1.20684e-15
18	12.5	2.71259e-17
18	13	4.91562e-19
18	13.5	7.18178e-21
18	14	8.45952e-23
18	14.5	8.03377e-25
18	15	6.1511e-27
18	15.5	3.79704e-29
18	16	1.88972e-31
18	16.5	7.58248e-34
18	17	2.45292e-36
18	17.5	6.39758e-39
18	18	1.34527e-41
18	18.5	2.28066e-44
18	19	3.11725e-47
18	19.5	3.43513e-50
18	20	3.05193e-53
18.5	0	0.00021562
18.5	0.5	0.000925484
18.5	1	0.00320264
18.5	1.5	0.00893526
18.5	2	0.0200986
18.5	2.5	0.0364489
18.5	3	0.0532921
18.5	3.5	0.0628205
18.5	4	0.0597035
18.5	4.5	0.0457465
18.5	5	0.0282602
18.5	5.5	0.0140751
18.5	6	0.00565185
18.5	6.5	0.00182973
18.5	7	0.000477578
18.5	7.5	0.000100499
18.5	8	1.70506e-05
18.5	8.5	2.33225e-06
18.5	9	2.572e-07
18.5	9.5	2.2868e-08
18.5	10	1.63924e-09
18.5	10.5	9.4737e-11
18.5	11	4.41424e-12
18.5	11.5	1.65825e-13
18.5	12	5.02234e-15
18.5	12.5	1.22637e-16
18.5	13	2.41433e-18
18.5	13.5	3.83205e-20
18.5	14	4.90373e-22
18.5	14.5	5.05919e-24
18.5	15	4.20819e-26
18.5	15.5	2.82208e-28
18.5	16	1.52582e-30
18.5	16.5	6.65116e-33
18.5	17	2.3375e-35
18.5	17.5	6.62315e-38
18.5	18	1.513e-40
18.5	18.5	2.78658e-43
18.5	19	4.13775e-46
18.5	19.5	4.95355e-49
18.5	20	4.78112e-52
19	0	0.000113665
19	0.5	0.000530013
19	1	0.00199254
19	1.5	0.00603931
19	2	0.014758
19	2.5	0.0290755
19	3	0.0461835
19	3.5	0.0591434
19	4	0.061064
19	4.5	0.0508305
19	5	0.0341133
19	5.5	0.0184579
19	6	0.00805195
19	6.5	0.00283191
19	7	0.000803004
19	7.5	0.000183576
19	8	3.38356e-05
19	8.5	5.02796e-06
19	9	6.02378e-07
19	9.5	5.81844e-08
19	10	4.5311e-09
19	10.5	2.84486e-10
19	11	1.44005e-11
19	11.5	5.87699e-13
19	12	1.93371e-14
19	12.5	5.12965e-16
19	13	1.09709e-17
19	13.5	1.89173e-19
19	14	2.62988e-21
19	14.5	2.94762e-23
19	15	2.66359e-25
19	15.5	1.94054e-27
19	16	1.13982e-29
19	16.5	5.39775e-32
19	17	2.06085e-34
19	17.5	6.34369e-37
19	18	1.57433e-39
19	18.5	3.15e-42
19	19	5.08142e-45
19	19.5	6.60875e-48
19	20	6.92967e-51
19.5	0	5.5436e-05
19.5	0.5	0.000280824
19.5	1	0.00114693
19.5	1.5	0.00377656
19.5	2	0.0100258
19.5	2.5	0.0214585
19.5	3	0.0370288
19.5	3.5	0.0515158
19.5	4	0.0577831
19.5	4.5	0.0522542
19.5	5	0.0380979
19.5	5.5	0.0223945
19.5	6	0.0106131
19.5	6.5	0.00405509
19.5	7	0.00124917
19.5	7.5	0.000310241
19.5	8	6.2121e-05
19.5	8.5	1.00285e-05
19.5	9	1.30526e-06
19.5	9.5	1.36967e-07
19.5	10	1.15876e-08
19.5	10.5	7.90371e-10
19.5	11	4.34639e-11
19.5	11.5	1.92702e-12
19.5	12	6.88818e-14
19.5	12.5	1.9851e-15
19.5	13	4.61232e-17
19.5	13.5	8.64006e-19
19.5	14	1.30489e-20
19.5	14.5	1.58888e-22
19.5	15	1.5598e-24
19.5	15.5	1.23454e-26
19.5	16	7.87772e-29
19.5	16.5	4.05281e-31
19.5	17	1.68102e-33
19.5	17.5	5.62145e-36
19.5	18	1.5156e-38
19.5	18.5	3.29442e-41
19.5	19	5.77344e-44
19.5	19.5	8.15737e-47
19.5	20	9.29234e-50
20	0	2.50142e-05
20	0.5	0.000137661
20	1	0.00061079
20	1.5	0.00218492
20	2	0.0063014
20	2.5	0.0146521
20	3	0.0274676
20	3.5	0.0415148
20	4	0.0505877
20	4.5	0.0496988
20	5	0.0393647
20	5.5	0.0251379
20	6	0.0129422
20	6.5	0.00537217
20	7	0.00179784
20	7.5	0.000485078
20	8	0.000105519
20	8.5	1.8506e-05
20	9	2.61668e-06
20	9.5	2.98299e-07
20	10	2.74164e-08
20	10.5	2.03156e-09
20	11	1.21369e-10
20	11.5	5.84586e-12
20	12	2.27011e-13
20	12.5	7.10732e-15
20	13	1.79401e-16
20	13.5	3.65093e-18
20	14	5.9902e-20
20	14.5	7.9239e-22
20	15	8.45079e-24
20	15.5	7.26632e-26
20	16	5.03724e-28
20	16.5	2.81533e-30
20	17	1.26861e-32
20	17.5	4.60876e-35
20	18	1.3499e-37
20	18.5	3.1877e-40
20	19	6.06895e-43
20	19.5	9.31558e-46
20	20	1.15283e-48
20.5	0	1.04426e-05
20.5	0.5	6.2433e-05
20.5	1	0.000300939
20.5	1.5	0.0011695
20.5	2	0.00366425
20.5	2.5	0.00925611
20.5	3	0.0188509
20.5	3.5	0.0309524
20.5	4	0.0409748
20.5	4.5	0.0437321
20.5	5	0.0376307
20.5	5.5	0.0261063
20.5	6	0.0146018
20.5	6.5	0.00658459
20.5	7	0.00239392
20.5	7.5	0.000701701
20.5	8	0.000165826
20.5	8.5	3.15947e-05
20.5	9	4.85329e-06
20.5	9.5	6.01059e-07
20.5	10	6.00147e-08
20.5	10.5	4.83123e-09
20.5	11	3.13558e-10
20.5	11.5	1.64074e-11
20.5	12	6.9218e-13
20.5	12.5	2.35428e-14
20.5	13	6.45592e-16
20.5	13.5	1.42731e-17
20.5	14	2.54412e-19
20.5	14.5	3.65609e-21
20.5	15	4.236e-23
20.5	15.5	3.95689e-25
20.5	16	2.97998e-27
20.5	16.5	1.80939e-29
20.5	17	8.85747e-32
20.5	17.5	3.49581e-34
20.5	18	1.11236e-36
20.5	18.5	2.85367e-39
20.5	19	5.9023e-42
20.5	19.5	9.84235e-45
20.5	20	1.32323e-47
21	0	4.03332e-06
21	0.5	2.61968e-05
21	1	0.000137181
21	1.5	0.000579159
21	2	0.00197134
21	2.5	0.00540987
21	3	0.0119694
21	3.5	0.0213508
21	4	0.0307057
21	4.5	0.0356027
21	5	0.0332818
21	5.5	0.0250836
21	6	0.0152417
21	6.5	0.00746683
21	7	0.00294917
21	7.5	0.000939122
21	8	0.000241104
21	8.5	4.99053e-05
21	9	8.32816e-06
21	9.5	1.1205e-06
21	10	1.21544e-07
21	10.5	1.06296e-08
21	11	7.49474e-10
21	11.5	4.26047e-11
21	12	1.95263e-12
21	12.5	7.21506e-14
21	13	2.14942e-15
21	13.5	5.16252e-17
21	14	9.99683e-19
21	14.5	1.56071e-20
21	15	1.96446e-22
21	15.5	1.99353e-24
21	16	1.63103e-26
21	16.5	1.07588e-28
21	17	5.72166e-31
21	17.5	2.45325e-33
21	18	8.48048e-36
21	18.5	2.36352e-38
21	19	5.31078e-41
21	19.5	9.62092e-44
21	20	1.40519e-46
21.5	0	1.44127e-06
21.5	0.5	1.01697e-05
21.5	1	5.78544e-05
21.5	1.5	0.000265352
21.5	2	0.000981224
21.5	2.5	0.00292532
21.5	3	0.00703136
21.5	3.5	0.0136259
21.5	4	0.0212887
21.5	4.5	0.026816
21.5	5	0.0272332
21.5	5.5	0.0222979
21.5	6	0.0147193
21.5	6.5	0.00783381
21.5	7	0.00336137
21.5	7.5	0.00116284
21.5	8	0.000324328
21.5	8.5	7.29303e-05
21.5	9	1.32218e-05
21.5	9.5	1.93257e-06
21.5	10	2.27739e-07
21.5	10.5	2.16372e-08
21.5	11	1.65739e-09
21.5	11.5	1.02354e-10
21.5	12	5.09622e-12
21.5	12.5	2.04574e-13
21.5	13	6.62083e-15
21.5	13.5	1.72757e-16
21.5	14	3.63426e-18
21.5	14.5	6.16393e-20
21.5	15	8.42867e-22
21.5	15.5	9.29224e-24
21.5	16	8.25926e-26
21.5	16.5	5.91864e-28
21.5	17	3.4195e-30
21.5	17.5	1.59281e-32
21.5	18	5.98168e-35
21.5	18.5	1.81111e-37
21.5	19	4.42103e-40
21.5	19.5	8.70089e-43
21.5	20	1.38058e-45
22	0	4.7649e-07
22	0.5	3.6526e-06
22	1	2.2574e-05
22	1.5	0.00011248
22	2	0.000451859
22	2.5	0.00146349
22	3	0.00382152
22	3.5	0.00804531
22	4	0.0136556
22	4.5	0.0186868
22	5	0.0206168
22	5.5	0.0183386
22	6	0.0131514
22	6.5	0.00760393
22	7	0.00354457
22	7.5	0.00133214
22	8	0.000403639
22	8.5	9.86048e-05
22	9	1.94206e-05
22	9.5	3.08381e-06
22	10	3.94795e-07
22	10.5	4.07489e-08
22	11	3.39093e-09
22	11.5	2.27501e-10
22	12	1.23057e-11
22	12.5	5.36648e-13
22	13	1.88683e-14
22	13.5	5.34855e-16
22	14	1.22236e-17
22	14.5	2.25228e-19
22	15	3.34583e-21
22	15.5	4.00725e-23
22	16	3.86944e-25
22	16.5	3.01239e-27
22	17	1.89074e-29
22	17.5	9.56785e-32
22	18	3.90351e-34
22	18.5	1.28398e-36
22	19	3.40501e-39
22	19.5	7.28013e-42
22	20	1.25493e-44
22.5	0	1.45745e-07
22.5	0.5	1.21373e-06
22.5	1	8.14912e-06
22.5	1.5	4.41122e-05
22.5	2	0.000192516
22.5	2.5	0.000677384
22.5	3	0.0019216
22.5	3.5	0.00439491
22.5	4	0.00810397
22.5	4.5	0.0120477
22.5	5	0.0144402
22.5	5.5	0.013954
22.5	6	0.0108714
22.5	6.5	0.00682861
22.5	7	0.00345811
22.5	7.5	0.0014119
22.5	8	0.000464763
22.5	8.5	0.000123344
22.5	9	2.63914e-05
22.5	9.5	4.55269e-06
22.5	10	6.3319e-07
22.5	10.5	7.10001e-08
22.5	11	6.41865e-09
22.5	11.5	4.67831e-10
22.5	12	2.74912e-11
22.5	12.5	1.30244e-12
22.5	13	4.97488e-14
22.5	13.5	1.53203e-15
22.5	14	3.80374e-17
22.5	14.5	7.61403e-19
22.5	15	1.22879e-20
22.5	15.5	1.59883e-22
22.5	16	1.6772e-24
22.5	16.5	1.4185e-26
22.5	17	9.67233e-29
22.5	17.5	5.31733e-31
22.5	18	2.35677e-33
22.5	18.5	8.42169e-36
22.5	19	2.42628e-38
22.5	19.5	5.63564e-41
22.5	20	1.05537e-43
23	0	4.12441e-08
23	0.5	3.73139e-07
23	1	2.7217e-06
23	1.5	1.60055e-05
23	2	7.58856e-05
23	2.5	0.000290074
23	3	0.000893959
23	3.5	0.00222119
23	4	0.00444954
23	4.5	0.00718627
23	5	0.00935733
23	5.5	0.00982336
23	6	0.00831434
23	6.5	0.00567356
23	7	0.00312136
23	7.5	0.00138449
23	8	0.000495106
23	8.5	0.000142746
23	9	3.31812e-05
23	9.5	6.2184e-06
23	10	9.39561e-07
23	10.5	1.14454e-07
23	11	1.12408e-08
23	11.5	8.90069e-10
23	12	5.68211e-11
23	12.5	2.92452e-12
23	13	1.21356e-13
23	13.5	4.06e-15
23	14	1.09509e-16
23	14.5	2.38142e-18
23	15	4.17524e-20
23	15.5	5.90182e-22
23	16	6.7259e-24
23	16.5	6.1798e-26
23	17	4.57782e-28
23	17.5	2.73403e-30
23	18	1.31646e-32
23	18.5	5.11058e-35
23	19	1.59953e-37
23	19.5	4.03624e-40
23	20	8.21145e-43
23.5	0	1.07984e-08
23.5	0.5	1.06133e-07
23.5	1	8.41008e-07
23.5	1.5	5.37292e-06
23.5	2	2.76746e-05
23.5	2.5	0.000114924
23.5	3	0.00038477
23.5	3.5	0.00103861
23.5	4	0.00226028
23.5	4.5	0.0039658
23.5	5	0.00560997
23.5	5.5	0.00639808
23.5	6	0.005883
23.5	6.5	0.00436122
23.5	7	0.00260661
23.5	7.5	0.00125604
23.5	8	0.00048797
23.5	8.5	0.000152842
23.5	9	3.85967e-05
23.5	9.5	7.8581e-06
23.5	10	1.28987e-06
23.5	10.5	1.707e-07
23.5	11	1.82129e-08
23.5	11.5	1.56671e-09
23.5	12	1.08656e-10
23.5	12.5	6.07549e-12
23.5	13	2.73885e-13
23.5	13.5	9.95439e-15
23.5	14	2.9169e-16
23.5	14.5	6.89108e-18
23.5	15	1.31254e-19
23.5	15.5	2.01557e-21
23.5	16	2.49542e-23
23.5	16.5	2.49086e-25
23.5	17	2.00454e-27
23.5	17.5	1.30059e-29
23.5	18	6.80339e-32
23.5	18.5	2.86926e-34
23.5	19	9.75607e-37
23.5	19.5	2.67448e-39
23.5	20	5.91104e-42
24	0	2.61568e-09
24	0.5	2.79291e-08
24	1	2.4043e-07
24	1.5	1.66871e-06
24	2	9.33752e-06
24	2.5	4.21253e-05
24	3	0.00015322
24	3.5	0.00044931
24	4	0.00106227
24	4.5	0.00202482
24	5	0.0031117
24	5.5	0.00385539
24	6	0.00385122
24	6.5	0.00310162
24	7	0.0020139
24	7.5	0.00105426
24	8	0.000444957
24	8.5	0.000151407
24	9	4.15371e-05
24	9.5	9.18725e-06
24	10	1.6383e-06
24	10.5	2.35539e-07
24	11	2.73018e-08
24	11.5	2.55141e-09
24	12	1.92233e-10
24	12.5	1.16771e-11
24	13	5.71879e-13
24	13.5	2.25804e-14
24	14	7.18819e-16
24	14.5	1.84487e-17
24	15	3.81745e-19
24	15.5	6.36855e-21
24	16	8.56579e-23
24	16.5	9.28869e-25
24	17	8.12084e-27
24	17.5	5.7241e-29
24	18	3.25292e-31
24	18.5	1.49039e-33
24	19	5.50535e-36
24	19.5	1.63957e-38
24	20	3.93673e-41
24.5	0	5.86191e-10
24.5	0.5	6.79974e-09
24.5	1	6.35924e-08
24.5	1.5	4.79489e-07
24.5	2	2.91482e-06
24.5	2.5	1.42858e-05
24.5	3	5.6449e-05
24.5	3.5	0.000179833
24.5	4	0.000461892
24.5	4.5	0.000956473
24.5	5	0.00159685
24.5	5.5	0.00214939
24.5	6	0.00233253
24.5	6.5	0.00204079
24.5	7	0.00143956
24.5	7.5	0.000818692
24.5	8	0.00037538
24.5	8.5	0.000138766
24.5	9	4.13573e-05
24.5	9.5	9.93762e-06
24.5	10	1.92519e-06
24.5	10.5	3.00692e-07
24.5	11	3.78645e-08
24.5	11.5	3.84416e-09
24.5	12	3.14652e-10
24.5	12.5	2.07644e-11
24.5	13	1.10476e-12
24.5	13.5	4.7389e-14
24.5	14	1.63888e-15
24.5	14.5	4.56957e-17
24.5	15	1.02722e-18
24.5	15.5	1.86171e-20
24.5	16	2.72032e-22
24.5	16.5	3.2047e-24
24.5	17	3.04379e-26
24.5	17.5	2.33079e-28
24.5	18	1.43896e-30
24.5	18.5	7.16237e-33
24.5	19	2.87425e-35
24.5	19.5	9.29931e-38
24.5	20	2.4257e-40
25	0	1.21541e-10
25	0.5	1.53164e-09
25	1	1.55615e-08
25	1.5	1.27469e-07
25	2	8.41821e-07
25	2.5	4.48222e-06
25	3	1.9241e-05
25	3.5	6.65917e-05
25	4	0.000185812
25	4.5	0.00041801
25	5	0.000758158
25	5.5	0.00110864
25	6	0.00130703
25	6.5	0.00124233
25	7	0.000952028
25	7.5	0.000588195
25	8	0.000292991
25	8.5	0.000117664
25	9	3.80975e-05
25	9.5	9.94508e-06
25	10	2.09305e-06
25	10.5	3.55149e-07
25	11	4.85849e-08
25	11.5	5.35861e-09
25	12	4.765e-10
25	12.5	3.41612e-11
25	13	1.97453e-12
25	13.5	9.20138e-14
25	14	3.45703e-15
25	14.5	1.04716e-16
25	15	2.5573e-18
25	15.5	5.03514e-20
25	16	7.99283e-22
25	16.5	1.02294e-23
25	17	1.0555e-25
25	17.5	8.78065e-28
25	18	5.88919e-30
25	18.5	3.18452e-32
25	19	1.38833e-34
25	19.5	4.87977e-37
25	20	1.38283e-39
25.5	0	2.3315e-11
25.5	0.5	3.19191e-10
25.5	1	3.52311e-09
25.5	1.5	3.13517e-08
25.5	2	2.24935e-07
25.5	2.5	1.3011e-06
25.5	3	6.06773e-06
25.5	3.5	2.2814e-05
25.5	4	6.91569e-05
25.5	4.5	0.000169017
25.5	5	0.00033303
25.5	5.5	0.000529051
25.5	6	0.000677597
25.5	6.5	0.000699689
25.5	7	0.000582503
25.5	7.5	0.000390977
25.5	8	0.000211575
25.5	8.5	9.23076e-05
25.5	9	3.24691e-05
25.5	9.5	9.20795e-06
25.5	10	2.10531e-06
25.5	10.5	3.88086e-07
25.5	11	5.76766e-08
25.5	11.5	6.91085e-09
25.5	12	6.6761e-10
25.5	12.5	5.19966e-11
25.5	13	3.26502e-12
25.5	13.5	1.65294e-13
25.5	14	6.74665e-15
25.5	14.5	2.22013e-16
25.5	15	5.89019e-18
25.5	15.5	1.25991e-19
25.5	16	2.17275e-21
25.5	16.5	3.02093e-23
25.5	17	3.38634e-25
25.5	17.5	3.06041e-27
25.5	18	2.22992e-29
25.5	18.5	1.30996e-31
25.5	19	6.20424e-34
25.5	19.5	2.36907e-36
25.5	20	7.29334e-39
26	0	4.13787e-12
26	0.5	6.15423e-11
26	1	7.37956e-10
26	1.5	7.13422e-09
26	2	5.56062e-08
26	2.5	3.49429e-07
26	3	1.77033e-06
26	3.5	7.23121e-06
26	4	2.38137e-05
26	4.5	6.32269e-05
26	5	0.000135343
26	5.5	0.000233578
26	6	0.000325003
26	6.5	0.000364587
26	7	0.000329744
26	7.5	0.000240442
26	8	0.000141353
26	8.5	6.69976e-05
26	9	2.56019e-05
26	9.5	7.88763e-06
26	10	1.95921e-06
26	10.5	3.9235e-07
26	11	6.33471e-08
26	11.5	8.24593e-09
26	12	8.65391e-10
26	12.5	7.32226e-11
26	13	4.99502e-12
26	13.5	2.7472e-13
26	14	1.21815e-14
26	14.5	4.35486e-16
26	15	1.25518e-17
26	15.5	2.91674e-19
26	16	5.46448e-21
26	16.5	8.25392e-23
26	17	1.00515e-24
26	17.5	9.86876e-27
26	18	7.81184e-29
26	18.5	4.98544e-31
26	19	2.56516e-33
26	19.5	1.06411e-35
26	20	3.55889e-38
26.5	0	6.79434e-13
26.5	0.5	1.0978e-11
26.5	1	1.43009e-10
26.5	1.5	1.50197e-09
26.5	2	1.2718e-08
26.5	2.5	8.68231e-08
26.5	3	4.77873e-07
26.5	3.5	2.12055e-06
26.5	4	7.58658e-06
26.5	4.5	2.18828e-05
26.5	5	5.08884e-05
26.5	5.5	9.54103e-05
26.5	6	0.000144222
26.5	6.5	0.000175763
26.5	7	0.000172696
26.5	7.5	0.000136804
26.5	8	8.73723e-05
26.5	8.5	4.49893e-05
26.5	9	1.86769e-05
26.5	9.5	6.25114e-06
26.5	10	1.68684e-06
26.5	10.5	3.66985e-07
26.5	11	6.43699e-08
26.5	11.5	9.10284e-09
26.5	12	1.03784e-09
26.5	12.5	9.53992e-11
26.5	13	7.06998e-12
26.5	13.5	4.22427e-13
26.5	14	2.03491e-14
26.5	14.5	7.90311e-16
26.5	15	2.47464e-17
26.5	15.5	6.24718e-19
26.5	16	1.2715e-20
26.5	16.5	2.08646e-22
26.5	17	2.76033e-24
26.5	17.5	2.94424e-26
26.5	18	2.53189e-28
26.5	18.5	1.7554e-30
26.5	19	9.81226e-33
26.5	19.5	4.42202e-35
26.5	20	1.60669e-37
27	0	1.03216e-13
27	0.5	1.81178e-12
27	1	2.56404e-11
27	1.5	2.92552e-10
27	2	2.69118e-09
27	2.5	1.99591e-08
27	3	1.19343e-07
27	3.5	5.7533e-07
27	4	2.23612e-06
27	4.5	7.007e-06
27	5	1.77023e-05
27	5.5	3.60568e-05
27	6	5.92113e-05
27	6.5	7.83938e-05
27	7	8.36794e-05
27	7.5	7.20137e-05
27	8	4.99657e-05
27	8.5	2.79504e-05
27	9	1.26056e-05
27	9.5	4.58353e-06
27	10	1.34368e-06
27	10.5	3.17579e-07
27	11	6.05156e-08
27	11.5	9.297e-09
27	12	1.15154e-09
27	12.5	1.14993e-10
27	13	9.25823e-12
27	13.5	6.00956e-13
27	14	3.14497e-14
27	14.5	1.32694e-15
27	15	4.51383e-17
27	15.5	1.23794e-18
27	16	2.73724e-20
27	16.5	4.87963e-22
27	17	7.01327e-24
27	17.5	8.12669e-26
27	18	7.59218e-28
27	18.5	5.71847e-30
27	19	3.47258e-32
27	19.5	1.70014e-34
27	20	6.71085e-37
27.5	0	1.45069e-14
27.5	0.5	2.7664e-13
27.5	1	4.25319e-12
27.5	1.5	5.272e-11
27.5	2	5.2686e-10
27.5	2.5	4.24497e-09
27.5	3	2.75749e-08
27.5	3.5	1.44415e-07
27.5	4	6.09779e-07
27.5	4.5	2.07583e-06
27.5	5	5.69731e-06
27.5	5.5	1.26069e-05
27.5	6	2.24909e-05
27.5	6.5	3.23493e-05
27.5	7	3.75131e-05
27.5	7.5	3.5072e-05
27.5	8	2.64362e-05
27.5	8.5	1.60656e-05
27.5	9	7.87143e-06
27.5	9.5	3.10936e-06
27.5	10	9.90257e-07
27.5	10.5	2.54264e-07
27.5	11	5.26358e-08
27.5	11.5	8.78492e-09
27.5	12	1.1821e-09
27.5	12.5	1.28242e-10
27.5	13	1.12167e-11
27.5	13.5	7.90974e-13
27.5	14	4.49695e-14
27.5	14.5	2.06126e-15
27.5	15	7.61743e-17
27.5	15.5	2.26957e-18
27.5	16	5.45178e-20
27.5	16.5	1.05583e-21
27.5	17	1.64857e-23
27.5	17.5	2.07531e-25
27.5	18	2.10628e-27
27.5	18.5	1.7235e-29
27.5	19	1.13701e-31
27.5	19.5	6.04754e-34
27.5	20	2.5933e-36
28	0	1.88639e-15
28	0.5	3.90799e-14
28	1	6.52732e-13
28	1.5	8.78973e-12
28	2	9.54282e-11
28	2.5	8.3529e-10
28	3	5.89465e-09
28	3.5	3.35381e-08
28	4	1.53843e-07
28	4.5	5.68956e-07
28	5	1.69644e-06
28	5.5	4.0781e-06
28	6	7.90384e-06
28	6.5	1.23503e-05
28	7	1.55588e-05
28	7.5	1.58029e-05
28	8	1.29406e-05
28	8.5	8.54345e-06
28	9	4.54749e-06
28	9.5	1.95151e-06
28	10	6.75193e-07
28	10.5	1.88342e-07
28	11	4.23569e-08
28	11.5	7.68001e-09
28	12	1.12269e-09
28	12.5	1.32317e-10
28	13	1.25728e-11
28	13.5	9.63187e-13
28	14	5.94905e-14
28	14.5	2.9624e-15
28	15	1.18933e-16
28	15.5	3.84961e-18
28	16	1.0046e-19
28	16.5	2.11363e-21
28	17	3.58529e-23
28	17.5	4.90321e-25
28	18	5.40625e-27
28	18.5	4.80586e-29
28	19	3.44434e-31
28	19.5	1.99022e-33
28	20	9.27162e-36
28.5	0	2.26944e-16
28.5	0.5	5.10764e-15
28.5	1	9.26793e-14
28.5	1.5	1.35583e-12
28.5	2	1.59914e-11
28.5	2.5	1.52065e-10
28.5	3	1.16582e-09
28.5	3.5	7.20597e-09
28.5	4	3.59099e-08
28.5	4.5	1.44276e-07
28.5	5	4.67344e-07
28.5	5.5	1.2205e-06
28.5	6	2.56979e-06
28.5	6.5	4.36233e-06
28.5	7	5.97034e-06
28.5	7.5	6.58778e-06
28.5	8	5.86056e-06
28.5	8.5	4.20338e-06
28.5	9	2.43063e-06
28.5	9.5	1.13318e-06
28.5	10	4.25929e-07
28.5	10.5	1.29073e-07
28.5	11	3.15352e-08
28.5	11.5	6.21176e-09
28.5	12	9.86491e-10
28.5	12.5	1.26308e-10
28.5	13	1.30386e-11
28.5	13.5	1.08515e-12
28.5	14	7.28125e-14
28.5	14.5	3.93898e-15
28.5	15	1.71799e-16
28.5	15.5	6.04114e-18
28.5	16	1.71268e-19
28.5	16.5	3.91465e-21
28.5	17	7.2139e-23
28.5	17.5	1.07178e-24
28.5	18	1.28382e-26
28.5	18.5	1.23982e-28
28.5	19	9.65331e-31
28.5	19.5	6.05972e-33
28.5	20	3.06682e-35
29	0	2.526e-17
29	0.5	6.17613e-16
29	1	1.21748e-14
29	1.5	1.93492e-13
29	2	2.47929e-12
29	2.5	2.56124e-11
29	3	2.13321e-10
29	3.5	1.43244e-09
29	4	7.75494e-09
29	4.5	3.38486e-08
29	5	1.19114e-07
29	5.5	3.37944e-07
29	6	7.73013e-07
29	6.5	1.42557e-06
29	7	2.11958e-06
29	7.5	2.54081e-06
29	8	2.45557e-06
29	8.5	1.91335e-06
29	9	1.20197e-06
29	9.5	6.08773e-07
29	10	2.48585e-07
29	10.5	8.18382e-08
29	11	2.17218e-08
29	11.5	4.64832e-09
29	12	8.01966e-10
29	12.5	1.11552e-10
29	13	1.25099e-11
29	13.5	1.13108e-12
29	14	8.24506e-14
29	14.5	4.84566e-15
29	15	2.296e-16
29	15.5	8.77102e-18
29	16	2.7014e-19
29	16.5	6.7079e-21
29	17	1.3429e-22
29	17.5	2.16752e-24
29	18	2.82059e-26
29	18.5	2.95923e-28
29	19	2.50308e-30
29	19.5	1.707e-32
29	20	9.38534e-35
29.5	0	2.60122e-18
29.5	0.5	6.90942e-17
29.5	1	1.47968e-15
29.5	1.5	2.55477e-14
29.5	2	3.55628e-13
29.5	2.5	3.99117e-12
29.5	3	3.6113e-11
29.5	3.5	2.63444e-10
29.5	4	1.54943e-09
29.5	4.5	7.34708e-09
29.5	5	2.80878e-08
29.5	5.5	8.65728e-08
29.5	6	2.15132e-07
29.5	6.5	4.3101e-07
29.5	7	6.96194e-07
29.5	7.5	9.06635e-07
29.5	8	9.51908e-07
29.5	8.5	8.05781e-07
29.5	9	5.4992e-07
29.5	9.5	3.02581e-07
29.5	10	1.34228e-07
29.5	10.5	4.8007e-08
29.5	11	1.38429e-08
29.5	11.5	3.21815e-09
29.5	12	6.03181e-10
29.5	12.5	9.11483e-11
29.5	13	1.11048e-11
29.5	13.5	1.09076e-12
29.5	14	8.63794e-14
29.5	14.5	5.51506e-15
29.5	15	2.8389e-16
29.5	15.5	1.17818e-17
29.5	16	3.94212e-19
29.5	16.5	1.06343e-20
29.5	17	2.31285e-22
29.5	17.5	4.05553e-24
29.5	18	5.73332e-26
29.5	18.5	6.53469e-28
29.5	19	6.00487e-30
29.5	19.5	4.44879e-32
29.5	20	2.6573e-34
30	0	2.47828e-19
30	0.5	7.15147e-18
30	1	1.6638e-16
30	1.5	3.12081e-15
30	2	4.71947e-14
30	2.5	5.75411e-13
30	3	5.65618e-12
30	3.5	4.48259e-11
30	4	2.86413e-10
30	4.5	1.47543e-09
30	5	6.12777e-09
30	5.5	2.05186e-08
30	6	5.53925e-08
30	6.5	1.20563e-07
30	7	2.11563e-07
30	7.5	2.99311e-07
30	8	3.41402e-07
30	8.5	3.13957e-07
30	9	2.32773e-07
30	9.5	1.39141e-07
30	10	6.70562e-08
30	10.5	2.60544e-08
30	11	8.16176e-09
30	11.5	2.06132e-09
30	12	4.19728e-10
30	12.5	6.89049e-11
30	13	9.11994e-12
30	13.5	9.73182e-13
30	14	8.3725e-14
30	14.5	5.80733e-15
30	15	3.24756e-16
30	15.5	1.46419e-17
30	16	5.3223e-19
30	16.5	1.55977e-20
30	17	3.68536e-22
30	17.5	7.02038e-24
30	18	1.0782e-25
30	18.5	1.33506e-27
30	19	1.33279e-29
30	19.5	1.0727e-31
30	20	6.9608e-34
30.5	0	2.1845e-20
30.5	0.5	6.84823e-19
30.5	1	1.73087e-17
30.5	1.5	3.52706e-16
30.5	2	5.79454e-15
30.5	2.5	7.67513e-14
30.5	3	8.19619e-13
30.5	3.5	7.05665e-12
30.5	4	4.89829e-11
30.5	4.5	2.74126e-10
30.5	5	1.23685e-09
30.5	5.5	4.49927e-09
30.5	6	1.31955e-08
30.5	6.5	3.12013e-08
30.5	7	5.94809e-08
30.5	7.5	9.14202e-08
30.5	8	1.13284e-07
30.5	8.5	1.13175e-07
30.5	9	9.11582e-08
30.5	9.5	5.9197e-08
30.5	10	3.0993e-08
30.5	10.5	1.30824e-08
30.5	11	4.45216e-09
30.5	11.5	1.22156e-09
30.5	12	2.7022e-10
30.5	12.5	4.81927e-11
30.5	13	6.92954e-12
30.5	13.5	8.03317e-13
30.5	14	7.50809e-14
30.5	14.5	5.6576e-15
30.5	15	3.43712e-16
30.5	15.5	1.68351e-17
30.5	16	6.64811e-19
30.5	16.5	2.11661e-20
30.5	17	5.43302e-22
30.5	17.5	1.12435e-23
30.5	18	1.87596e-25
30.5	18.5	2.52351e-27
30.5	19	2.73682e-29
30.5	19.5	2.39302e-31
30.5	20	1.68697e-33
31	0	1.78148e-21
31	0.5	6.06723e-20
31	1	1.66594e-18
31	1.5	3.68796e-17
31	2	6.58225e-16
31	2.5	9.47157e-15
31	3	1.09883e-13
31	3.5	1.02777e-12
31	4	7.7504e-12
31	4.5	4.71207e-11
31	5	2.30971e-10
31	5.5	9.12778e-10
31	6	2.90825e-09
31	6.5	7.47064e-09
31	7	1.54719e-08
31	7.5	2.58339e-08
31	8	3.47773e-08
31	8.5	3.77452e-08
31	9	3.30284e-08
31	9.5	2.33009e-08
31	10	1.32531e-08
31	10.5	6.07747e-09
31	11	2.24692e-09
31	11.5	6.69749e-10
31	12	1.60952e-10
31	12.5	3.11846e-11
31	13	4.8713e-12
31	13.5	6.13492e-13
31	14	6.22921e-14
31	14.5	5.09937e-15
31	15	3.36558e-16
31	15.5	1.79087e-17
31	16	7.68292e-19
31	16.5	2.65735e-20
31	17	7.41023e-22
31	17.5	1.666e-23
31	18	3.01979e-25
31	18.5	4.41305e-27
31	19	5.19949e-29
31	19.5	4.93905e-31
31	20	3.78255e-33
31.5	0	1.34413e-22
31.5	0.5	4.97314e-21
31.5	1	1.48347e-19
31.5	1.5	3.56771e-18
31.5	2	6.91765e-17
31.5	2.5	1.0814e-15
31.5	3	1.36294e-14
31.5	3.5	1.38492e-13
31.5	4	1.13457e-12
31.5	4.5	7.49379e-12
31.5	5	3.99052e-11
31.5	5.5	1.71324e-10
31.5	6	5.93014e-10
31.5	6.5	1.6549e-09
31.5	7	3.7234e-09
31.5	7.5	6.75409e-09
31.5	8	9.87766e-09
31.5	8.5	1.16466e-08
31.5	9	1.10715e-08
31.5	9.5	8.48543e-09
31.5	10	5.24325e-09
31.5	10.5	2.61208e-09
31.5	11	1.04914e-09
31.5	11.5	3.39733e-10
31.5	12	8.8696e-11
31.5	12.5	1.86694e-11
31.5	13	3.16822e-12
31.5	13.5	4.33471e-13
31.5	14	4.78151e-14
31.5	14.5	4.25235e-15
31.5	15	3.04898e-16
31.5	15.5	1.76254e-17
31.5	16	8.21453e-19
31.5	16.5	3.08665e-20
31.5	17	9.35084e-22
31.5	17.5	2.28389e-23
31.5	18	4.49737e-25
31.5	18.5	7.14005e-27
31.5	19	9.13913e-29
31.5	19.5	9.43122e-31
31.5	20	7.84677e-33
32	0	9.38274e-24
32	0.5	3.77138e-22
32	1	1.22217e-20
32	1.5	3.19316e-19
32	2	6.72623e-18
32	2.5	1.1423e-16
32	3	1.56405e-15
32	3.5	1.72656e-14
32	4	1.53664e-13
32	4.5	1.10261e-12
32	5	6.37866e-12
32	5.5	2.97508e-11
32	6	1.11874e-10
32	6.5	3.39169e-10
32	7	8.29019e-10
32	7.5	1.6337e-09
32	8	2.59562e-09
32	8.5	3.32483e-09
32	9	3.43366e-09
32	9.5	2.85894e-09
32	10	1.91916e-09
32	10.5	1.03867e-09
32	11	4.53217e-10
32	11.5	1.59439e-10
32	12	4.5221e-11
32	12.5	1.03406e-11
32	13	1.9064e-12
32	13.5	2.83361e-13
32	14	3.39567e-14
32	14.5	3.28074e-15
32	15	2.55551e-16
32	15.5	1.60488e-17
32	16	8.12584e-19
32	16.5	3.31706e-20
32	17	1.09169e-21
32	17.5	2.8967e-23
32	18	6.19681e-25
32	18.5	1.06879e-26
32	19	1.4862e-28
32	19.5	1.66618e-30
32	20	1.506e-32
32.5	0	6.05964e-25
32.5	0.5	2.64605e-23
32.5	1	9.31559e-22
32.5	1.5	2.64413e-20
32.5	2	6.05081e-19
32.5	2.5	1.11636e-17
32.5	3	1.66056e-16
32.5	3.5	1.99144e-15
32.5	4	1.92547e-14
32.5	4.5	1.50096e-13
32.5	5	9.43318e-13
32.5	5.5	4.77979e-12
32.5	6	1.95262e-11
32.5	6.5	6.43115e-11
32.5	7	1.70773e-10
32.5	7.5	3.65601e-10
32.5	8	6.3104e-10
32.5	8.5	8.78145e-10
32.5	9	9.85224e-10
32.5	9.5	8.91177e-10
32.5	10	6.49909e-10
32.5	10.5	3.82121e-10
32.5	11	1.81138e-10
32.5	11.5	6.92273e-11
32.5	12	2.13307e-11
32.5	12.5	5.29899e-12
32.5	13	1.06131e-12
32.5	13.5	1.71375e-13
32.5	14	2.23108e-14
32.5	14.5	2.34176e-15
32.5	15	1.98166e-16
32.5	15.5	1.352e-17
32.5	16	7.43675e-19
32.5	16.5	3.29799e-20
32.5	17	1.17917e-21
32.5	17.5	3.39908e-23
32.5	18	7.89964e-25
32.5	18.5	1.48018e-26
32.5	19	2.23604e-28
32.5	19.5	2.72335e-30
32.5	20	2.67417e-32
33	0	3.6207e-26
33	0.5	1.71762e-24
33	1	6.5693e-23
33	1.5	2.02568e-21
33	2	5.03598e-20
33	2.5	1.00938e-18
33	3	1.63113e-17
33	3.5	2.12511e-16
33	4	2.2322e-15
33	4.5	1.89036e-14
33	5	1.29067e-13
33	5.5	7.10473e-13
33	6	3.15311e-12
33	6.5	1.12821e-11
33	7	3.25462e-11
33	7.5	7.56957e-11
33	8	1.41939e-10
33	8.5	2.14581e-10
33	9	2.61542e-10
33	9.5	2.57011e-10
33	10	2.03621e-10
33	10.5	1.30062e-10
33	11	6.69794e-11
33	11.5	2.78093e-11
33	12	9.30892e-12
33	12.5	2.51228e-12
33	13	5.46635e-13
33	13.5	9.58928e-14
33	14	1.35623e-14
33	14.5	1.54647e-15
33	15	1.42171e-16
33	15.5	1.05375e-17
33	16	6.29689e-19
33	16.5	3.03371e-20
33	17	1.17837e-21
33	17.5	3.69019e-23
33	18	9.31699e-25
33	18.5	1.89654e-26
33	19	3.1125e-28
33	19.5	4.11828e-30
33	20	4.39321e-32
33.5	0	2.00156e-27
33.5	0.5	1.03153e-25
33.5	1	4.28604e-24
33.5	1.5	1.43579e-22
33.5	2	3.87779e-21
33.5	2.5	8.4438e-20
33.5	3	1.48235e-18
33.5	3.5	2.09809e-17
33.5	4	2.39418e-16
33.5	4.5	2.20267e-15
33.5	5	1.63381e-14
33.5	5.5	9.77047e-14
33.5	6	4.71072e-13
33.5	6.5	1.83113e-12
33.5	7	5.73868e-12
33.5	7.5	1.44999e-11
33.5	8	2.95376e-11
33.5	8.5	4.85117e-11
33.5	9	6.4236e-11
33.5	9.5	6.85756e-11
33.5	10	5.90229e-11
33.5	10.5	4.09573e-11
33.5	11	2.2914e-11
33.5	11.5	1.03355e-11
33.5	12	3.75857e-12
33.5	12.5	1.10198e-12
33.5	13	2.60485e-13
33.5	13.5	4.96424e-14
33.5	14	7.6275e-15
33.5	14.5	9.44869e-16
33.5	15	9.43671e-17
33.5	15.5	7.59853e-18
33.5	16	4.93286e-19
33.5	16.5	2.58183e-20
33.5	17	1.08947e-21
33.5	17.5	3.7065e-23
33.5	18	1.01665e-24
33.5	18.5	2.24823e-26
33.5	19	4.00838e-28
33.5	19.5	5.76177e-30
33.5	20	6.67734e-32
34	0	1.0237e-28
34	0.5	5.73149e-27
34	1	2.58716e-25
34	1.5	9.41538e-24
34	2	2.76257e-22
34	2.5	6.53503e-21
34	3	1.24636e-19
34	3.5	1.91645e-18
34	4	2.3758e-17
34	4.5	2.37457e-16
34	5	1.91346e-15
34	5.5	1.24312e-14
34	6	6.51127e-14
34	6.5	2.74966e-13
34	7	9.36165e-13
34	7.5	2.56972e-12
34	8	5.68693e-12
34	8.5	1.01468e-11
34	9	1.45963e-11
34	9.5	1.69284e-11
34	10	1.58288e-11
34	10.5	1.19327e-11
34	11	7.25256e-12
34	11.5	3.55388e-12
34	12	1.40402e-12
34	12.5	4.47204e-13
34	13	1.14841e-13
34	13.5	2.37765e-14
34	14	3.96879e-15
34	14.5	5.34108e-16
34	15	5.79508e-17
34	15.5	5.06932e-18
34	16	3.5752e-19
34	16.5	2.03287e-20
34	17	9.31922e-22
34	17.5	3.44436e-23
34	18	1.02636e-24
34	18.5	2.46574e-26
34	19	4.77592e-28
34	19.5	7.45806e-30
34	20	9.38976e-32
34.5	0	4.84401e-30
34.5	0.5	2.94633e-28
34.5	1	1.44483e-26
34.5	1.5	5.71234e-25
34.5	2	1.82083e-23
34.5	2.5	4.67936e-22
34.5	3	9.69532e-21
34.5	3.5	1.61956e-19
34.5	4	2.18119e-18
34.5	4.5	2.36836e-17
34.5	5	2.0733e-16
34.5	5.5	1.46332e-15
34.5	6	8.32669e-15
34.5	6.5	3.82003e-14
34.5	7	1.41293e-13
34.5	7.5	4.21343e-13
34.5	8	1.013e-12
34.5	8.5	1.96356e-12
34.5	9	3.06858e-12
34.5	9.5	3.86626e-12
34.5	10	3.92739e-12
34.5	10.5	3.21645e-12
34.5	11	2.12378e-12
34.5	11.5	1.13058e-12
34.5	12	4.85239e-13
34.5	12.5	1.67907e-13
34.5	13	4.68425e-14
34.5	13.5	1.05359e-14
34.5	14	1.91057e-15
34.5	14.5	2.79329e-16
34.5	15	3.29251e-17
34.5	15.5	3.12895e-18
34.5	16	2.39734e-19
34.5	16.5	1.48088e-20
34.5	17	7.37517e-22
34.5	17.5	2.9613e-23
34.5	18	9.58635e-25
34.5	18.5	2.50198e-26
34.5	19	5.2647e-28
34.5	19.5	8.93149e-30
34.5	20	1.22161e-31
35	0	2.12064e-31
35	0.5	1.40128e-29
35	1	7.46521e-28
35	1.5	3.20641e-26
35	2	1.11034e-24
35	2.5	3.09994e-23
35	3	6.97768e-22
35	3.5	1.26627e-20
35	4	1.8527e-19
35	4.5	2.18545e-18
35	5	2.07844e-17
35	5.5	1.59365e-16
35	6	9.85164e-16
35	6.5	4.91003e-15
35	7	1.97297e-14
35	7.5	6.39168e-14
35	8	1.66944e-13
35	8.5	3.51548e-13
35	9	5.96843e-13
35	9.5	8.16948e-13
35	10	9.01548e-13
35	10.5	8.02127e-13
35	11	5.75383e-13
35	11.5	3.3276e-13
35	12	1.55155e-13
35	12.5	5.83255e-14
35	13	1.76771e-14
35	13.5	4.31942e-15
35	14	8.50939e-16
35	14.5	1.35155e-16
35	15	1.73071e-17
35	15.5	1.7868e-18
35	16	1.48727e-19
35	16.5	9.98071e-21
35	17	5.4e-22
35	17.5	2.35551e-23
35	18	8.28394e-25
35	18.5	2.34881e-26
35	19	5.36933e-28
35	19.5	9.8958e-30
35	20	1.47042e-31
35.5	0	8.5893e-33
35.5	0.5	6.1659e-31
35.5	1	3.56858e-29
35.5	1.5	1.66515e-27
35.5	2	6.2643e-26
35.5	2.5	1.89999e-24
35.5	3	4.6461e-23
35.5	3.5	9.15981e-22
35.5	4	1.45594e-20
35.5	4.5	1.86578e-19
35.5	5	1.9277e-18
35.5	5.5	1.60574e-17
35.5	6	1.07838e-16
35.5	6.5	5.83888e-16
35.5	7	2.54886e-15
35.5	7.5	8.97063e-15
35.5	8	2.54542e-14
35.5	8.5	5.82312e-14
35.5	9	1.07402e-13
35.5	9.5	1.59708e-13
35.5	10	1.91471e-13
35.5	10.5	1.85071e-13
35.5	11	1.44223e-13
35.5	11.5	9.06126e-14
35.5	12	4.58991e-14
35.5	12.5	1.87447e-14
35.5	13	6.17182e-15
35.5	13.5	1.63835e-15
35.5	14	3.5064e-16
35.5	14.5	6.05028e-17
35.5	15	8.41685e-18
35.5	15.5	9.44025e-19
35.5	16	8.53644e-20
35.5	16.5	6.22344e-21
35.5	17	3.658e-22
35.5	17.5	1.73347e-23
35.5	18	6.62292e-25
35.5	18.5	2.04006e-26
35.5	19	5.06635e-28
35.5	19.5	1.0144e-29
35.5	20	1.63749e-31
36	0	3.21868e-34
36	0.5	2.51014e-32
36	1	1.57826e-30
36	1.5	8.0005e-29
36	2	3.26977e-27
36	2.5	1.0774e-25
36	3	2.86217e-24
36	3.5	6.13019e-23
36	4	1.05855e-21
36	4.5	1.47371e-20
36	5	1.65413e-19
36	5.5	1.49689e-18
36	6	1.09211e-17
36	6.5	6.42399e-17
36	7	3.04651e-16
36	7.5	1.16482e-15
36	8	3.59069e-15
36	8.5	8.9239e-15
36	9	1.7881e-14
36	9.5	2.88861e-14
36	10	3.76223e-14
36	10.5	3.95059e-14
36	11	3.34456e-14
36	11.5	2.28284e-14
36	12	1.25624e-14
36	12.5	5.57349e-15
36	13	1.99362e-15
36	13.5	5.74935e-16
36	14	1.33676e-16
36	14.5	2.50582e-17
36	15	3.78708e-18
36	15.5	4.61444e-19
36	16	4.53309e-20
36	16.5	3.59028e-21
36	17	2.29257e-22
36	17.5	1.18026e-23
36	18	4.89882e-25
36	18.5	1.63932e-26
36	19	4.42281e-28
36	19.5	9.62038e-30
36	20	1.68712e-31
36.5	0	1.1159e-35
36.5	0.5	9.45425e-34
36.5	1	6.45785e-32
36.5	1.5	3.55639e-30
36.5	2	1.57903e-28
36.5	2.5	5.65237e-27
36.5	3	1.63129e-25
36.5	3.5	3.79569e-24
36.5	4	7.12051e-23
36.5	4.5	1.07694e-21
36.5	5	1.3132e-20
36.5	5.5	1.29101e-19
36.5	6	1.02327e-18
36.5	6.5	6.53895e-18
36.5	7	3.36889e-17
36.5	7.5	1.39935e-16
36.5	8	4.68624e-16
36.5	8.5	1.26527e-15
36.5	9	2.75424e-15
36.5	9.5	4.8337e-15
36.5	10	6.83939e-15
36.5	10.5	7.80217e-15
36.5	11	7.17584e-15
36.5	11.5	5.32097e-15
36.5	12	3.18103e-15
36.5	12.5	1.53322e-15
36.5	13	5.95802e-16
36.5	13.5	1.86663e-16
36.5	14	4.71493e-17
36.5	14.5	9.60177e-18
36.5	15	1.57648e-18
36.5	15.5	2.08681e-19
36.5	16	2.2271e-20
36.5	16.5	1.91626e-21
36.5	17	1.32932e-22
36.5	17.5	7.43475e-24
36.5	18	3.35244e-25
36.5	18.5	1.21876e-26
36.5	19	3.57216e-28
36.5	19.5	8.44124e-30
36.5	20	1.6082e-31
37	0	3.57934e-37
37	0.5	3.29447e-35
37	1	2.44471e-33
37	1.5	1.46261e-31
37	2	7.05492e-30
37	2.5	2.74355e-28
37	3	8.60191e-27
37	3.5	2.17439e-25
37	4	4.43137e-24
37	4.5	7.28113e-23
37	5	9.64538e-22
37	5.5	1.03015e-20
37	6	8.87035e-20
37	6.5	6.15802e-19
37	7	3.44668e-18
37	7.5	1.55532e-17
37	8	5.65849e-17
37	8.5	1.65974e-16
37	9	3.925e-16
37	9.5	7.4834e-16
37	10	1.15032e-15
37	10.5	1.4256e-15
37	11	1.42441e-15
37	11.5	1.14745e-15
37	12	7.45235e-16
37	12.5	3.90222e-16
37	13	1.64736e-16
37	13.5	5.60696e-17
37	14	1.5386e-17
37	14.5	3.40395e-18
37	15	6.07156e-19
37	15.5	8.73127e-20
37	16	1.01231e-20
37	16.5	9.46262e-22
37	17	7.13129e-23
37	17.5	4.33296e-24
37	18	2.12256e-25
37	18.5	8.38295e-27
37	19	2.66927e-28
37	19.5	6.8525e-30
37	20	1.41829e-31
37.5	0	1.06221e-38
37.5	0.5	1.06212e-36
37.5	1	8.56242e-35
37.5	1.5	5.56519e-33
37.5	2	2.91624e-31
37.5	2.5	1.23204e-29
37.5	3	4.19651e-28
37.5	3.5	1.15242e-26
37.5	4	2.55149e-25
37.5	4.5	4.55444e-24
37.5	5	6.55447e-23
37.5	5.5	7.605e-22
37.5	6	7.11412e-21
37.5	6.5	5.3654e-20
37.5	7	3.26245e-19
37.5	7.5	1.59935e-18
37.5	8	6.32129e-18
37.5	8.5	2.01431e-17
37.5	9	5.17496e-17
37.5	9.5	1.07188e-16
37.5	10	1.78998e-16
37.5	10.5	2.40995e-16
37.5	11	2.61594e-16
37.5	11.5	2.28933e-16
37.5	12	1.61528e-16
37.5	12.5	9.18855e-17
37.5	13	4.21411e-17
37.5	13.5	1.55821e-17
37.5	14	4.6452e-18
37.5	14.5	1.11646e-18
37.5	15	2.16342e-19
37.5	15.5	3.37987e-20
37.5	16	4.25714e-21
37.5	16.5	4.32311e-22
37.5	17	3.53943e-23
37.5	17.5	2.33632e-24
37.5	18	1.24334e-25
37.5	18.5	5.33466e-27
37.5	19	1.84537e-28
37.5	19.5	5.1466e-30
37.5	20	1.15722e-31
38	0	2.91639e-40
38	0.5	3.16803e-38
38	1	2.77456e-36
38	1.5	1.95911e-34
38	2	1.11528e-32
38	2.5	5.11878e-31
38	3	1.89413e-29
38	3.5	5.65086e-28
38	4	1.35918e-26
38	4.5	2.63573e-25
38	5	4.12083e-24
38	5.5	5.1943e-23
38	6	5.27874e-22
38	6.5	4.32507e-21
38	7	2.85703e-20
38	7.5	1.52159e-19
38	8	6.53341e-19
38	8.5	2.26173e-18
38	9	6.31253e-18
38	9.5	1.42045e-17
38	10	2.57695e-17
38	10.5	3.76919e-17
38	11	4.44477e-17
38	11.5	4.22581e-17
38	12	3.23915e-17
38	12.5	2.00176e-17
38	13	9.97359e-18
38	13.5	4.00638e-18
38	14	1.29751e-18
38	14.5	3.38791e-19
38	15	7.132e-20
38	15.5	1.21046e-20
38	16	1.65634e-21
38	16.5	1.8273e-22
38	17	1.62528e-23
38	17.5	1.16549e-24
38	18	6.73824e-26
38	18.5	3.14083e-27
38	19	1.18033e-28
38	19.5	3.5762e-30
38	20	8.73573e-32
38.5	0	7.40814e-42
38.5	0.5	8.74249e-40
38.5	1	8.31804e-38
38.5	1.5	6.38067e-36
38.5	2	3.94613e-34
38.5	2.5	1.9676e-32
38.5	3	7.90973e-31
38.5	3.5	2.56358e-29
38.5	4	6.69871e-28
38.5	4.5	1.41122e-26
38.5	5	2.39696e-25
38.5	5.5	3.28235e-24
38.5	6	3.62383e-23
38.5	6.5	3.22561e-22
38.5	7	2.31481e-21
38.5	7.5	1.3393e-20
38.5	8	6.24745e-20
38.5	8.5	2.34956e-19
38.5	9	7.12408e-19
38.5	9.5	1.74153e-18
38.5	10	3.43237e-18
38.5	10.5	5.45402e-18
38.5	11	6.98713e-18
38.5	11.5	7.21673e-18
38.5	12	6.00956e-18
38.5	12.5	4.03464e-18
38.5	13	2.18387e-18
38.5	13.5	9.53032e-19
38.5	14	3.35312e-19
38.5	14.5	9.51151e-20
38.5	15	2.17526e-20
38.5	15.5	4.0108e-21
38.5	16	5.96227e-22
38.5	16.5	7.14582e-23
38.5	17	6.90482e-24
38.5	17.5	5.37913e-25
38.5	18	3.37857e-26
38.5	18.5	1.71085e-27
38.5	19	6.98476e-29
38.5	19.5	2.29906e-30
38.5	20	6.10113e-32
39	0	1.74101e-43
39	0.5	2.23208e-41
39	1	2.30715e-39
39	1.5	1.92266e-37
39	2	1.29178e-35
39	2.5	6.99738e-34
39	3	3.05592e-32
39	3.5	1.07599e-30
39	4	3.05446e-29
39	4.5	6.99068e-28
39	5	1.28993e-26
39	5.5	1.91898e-25
39	6	2.30163e-24
39	6.5	2.22567e-23
39	7	1.73518e-22
39	7.5	1.09066e-21
39	8	5.52706e-21
39	8.5	2.25818e-20
39	9	7.43845e-20
39	9.5	1.97545e-19
39	10	4.22971e-19
39	10.5	7.30153e-19
39	11	1.0162e-18
39	11.5	1.14025e-18
39	12	1.03153e-18
39	12.5	7.52361e-19
39	13	4.42414e-19
39	13.5	2.09745e-19
39	14	8.01704e-20
39	14.5	2.47057e-20
39	15	6.13816e-21
39	15.5	1.22953e-21
39	16	1.98565e-22
39	16.5	2.58538e-23
39	17	2.71397e-24
39	17.5	2.29692e-25
39	18	1.56728e-26
39	18.5	8.622e-28
39	19	3.8241e-29
39	19.5	1.36744e-30
39	20	3.9423e-32
39.5	0	3.78551e-45
39.5	0.5	5.27245e-43
39.5	1	5.92053e-41
39.5	1.5	5.36004e-39
39.5	2	3.91234e-37
39.5	2.5	2.30231e-35
39.5	3	1.09232e-33
39.5	3.5	4.17828e-32
39.5	4	1.28856e-30
39.5	4.5	3.20385e-29
39.5	5	6.42242e-28
39.5	5.5	1.03797e-26
39.5	6	1.35248e-25
39.5	6.5	1.42081e-24
39.5	7	1.20338e-23
39.5	7.5	8.2173e-23
39.5	8	4.52392e-22
39.5	8.5	2.00798e-21
39.5	9	7.18564e-21
39.5	9.5	2.07315e-20
39.5	10	4.82231e-20
39.5	10.5	9.04358e-20
39.5	11	1.36737e-19
39.5	11.5	1.66682e-19
39.5	12	1.63815e-19
39.5	12.5	1.29801e-19
39.5	13	8.29204e-20
39.5	13.5	4.27076e-20
39.5	14	1.77341e-20
39.5	14.5	5.93707e-21
39.5	15	1.60249e-21
39.5	15.5	3.48721e-22
39.5	16	6.11817e-23
39.5	16.5	8.65414e-24
39.5	17	9.8693e-25
39.5	17.5	9.07421e-26
39.5	18	6.72653e-27
39.5	18.5	4.02007e-28
39.5	19	1.93702e-29
39.5	19.5	7.52483e-31
39.5	20	2.35677e-32
40	0	7.61509e-47
40	0.5	1.15224e-44
40	1	1.40564e-42
40	1.5	1.38249e-40
40	2	1.09626e-38
40	2.5	7.00842e-37
40	3	3.61234e-35
40	3.5	1.50113e-33
40	4	5.02927e-32
40	4.5	1.35848e-30
40	5	2.95843e-29
40	5.5	5.19432e-28
40	6	7.35286e-27
40	6.5	8.39157e-26
40	7	7.7213e-25
40	7.5	5.72793e-24
40	8	3.42582e-23
40	8.5	1.65193e-22
40	9	6.4221e-22
40	9.5	2.01291e-21
40	10	5.08662e-21
40	10.5	1.03632e-20
40	11	1.70224e-20
40	11.5	2.25428e-20
40	12	2.40687e-20
40	12.5	2.07185e-20
40	13	1.43788e-20
40	13.5	8.0454e-21
40	14	3.62938e-21
40	14.5	1.32001e-21
40	15	3.87063e-22
40	15.5	9.15051e-23
40	16	1.74409e-23
40	16.5	2.68011e-24
40	17	3.32045e-25
40	17.5	3.31666e-26
40	18	2.67094e-27
40	18.5	1.73415e-28
40	19	9.07758e-30
40	19.5	3.83101e-31
40	20	1.30351e-32
