0	0	7.13419e-28
0	0.5	3.43266e-28
0	1	1.30597e-28
0	1.5	3.92875e-29
0	2	9.34523e-30
0	2.5	1.75769e-30
0	3	2.61404e-31
0	3.5	3.07395e-32
0	4	2.85824e-33
0	4.5	2.10144e-34
0	5	1.22166e-35
0	5.5	5.61568e-37
0	6	2.04112e-38
0	6.5	5.86615e-40
0	7	1.33307e-41
0	7.5	2.39536e-43
0	8	3.40332e-45
0	8.5	3.82342e-47
0	9	3.3964e-49
0	9.5	2.38562e-51
0	10	1.32495e-53
0	10.5	5.81855e-56
0	11	2.02044e-58
0	11.5	5.54746e-61
0	12	1.20437e-63
0	12.5	2.06747e-66
0	13	2.80631e-69
0	13.5	3.01197e-72
0	14	2.55611e-75
0	14.5	1.71525e-78
0	15	9.101e-82
0	15.5	3.81829e-85
0	16	1.26667e-88
0	16.5	3.32259e-92
0	17	6.89136e-96
0	17.5	1.13019e-99
0	18	1.46559e-103
0	18.5	1.50276e-107
0	19	1.21838e-111
0	19.5	7.81077e-116
0	20	3.95932e-120
0.5	0	8.96946e-27
0.5	0.5	4.73972e-27
0.5	1	1.98041e-27
0.5	1.5	6.54297e-28
0.5	2	1.70927e-28
0.5	2.5	3.53072e-29
0.5	3	5.76676e-30
0.5	3.5	7.44761e-31
0.5	4	7.60534e-32
0.5	4.5	6.14096e-33
0.5	5	3.92076e-34
0.5	5.5	1.97934e-35
0.5	6	7.90112e-37
0.5	6.5	2.49386e-38
0.5	7	6.22403e-40
0.5	7.5	1.22825e-41
0.5	8	1.91655e-43
0.5	8.5	2.36467e-45
0.5	9	2.30694e-47
0.5	9.5	1.77958e-49
0.5	10	1.08547e-51
0.5	10.5	5.23518e-54
0.5	11	1.99647e-56
0.5	11.5	6.02019e-59
0.5	12	1.43541e-61
0.5	12.5	2.70617e-64
0.5	13	4.03415e-67
0.5	13.5	4.75516e-70
0.5	14	4.43195e-73
0.5	14.5	3.26619e-76
0.5	15	1.90329e-79
0.5	15.5	8.76967e-83
0.5	16	3.19506e-86
0.5	16.5	9.20429e-90
0.5	17	2.09662e-93
0.5	17.5	3.77627e-97
0.5	18	5.37805e-101
0.5	18.5	6.05623e-105
0.5	19	5.39257e-109
0.5	19.5	3.7967e-113
0.5	20	2.11365e-117
1	0	1.03751e-25
1	0.5	6.02116e-26
1	1	2.76301e-26
1	1.5	1.00254e-26
1	2	2.87632e-27
1	2.5	6.52513e-28
1	3	1.17046e-28
1	3.5	1.66013e-29
1	4	1.86185e-30
1	4.5	1.65105e-31
1	5	1.1577e-32
1	5.5	6.41868e-34
1	6	2.81393e-35
1	6.5	9.7543e-37
1	7	2.6736e-38
1	7.5	5.79445e-40
1	8	9.92989e-42
1	8.5	1.34553e-43
1	9	1.44165e-45
1	9.5	1.22135e-47
1	10	8.18161e-50
1	10.5	4.33365e-52
1	11	1.81503e-54
1	11.5	6.0108e-57
1	12	1.57397e-59
1	12.5	3.25894e-62
1	13	5.33548e-65
1	13.5	6.90695e-68
1	14	7.06994e-71
1	14.5	5.72218e-74
1	15	3.66205e-77
1	15.5	1.85312e-80
1	16	7.41478e-84
1	16.5	2.3459e-87
1	17	5.86865e-91
1	17.5	1.16087e-94
1	18	1.8157e-98
1	18.5	2.24554e-102
1	19	2.19591e-106
1	19.5	1.69795e-110
1	20	1.03813e-114
1.5	0	1.10415e-24
1.5	0.5	7.0374e-25
1.5	1	3.54662e-25
1.5	1.5	1.4133e-25
1.5	2	4.45317e-26
1.5	2.5	1.10948e-26
1.5	3	2.18569e-27
1.5	3.5	3.40466e-28
1.5	4	4.19348e-29
1.5	4.5	4.08406e-30
1.5	5	3.14504e-31
1.5	5.5	1.91503e-32
1.5	6	9.22025e-34
1.5	6.5	3.51015e-35
1.5	7	1.05664e-36
1.5	7.5	2.51502e-38
1.5	8	4.7334e-40
1.5	8.5	7.04405e-42
1.5	9	8.28872e-44
1.5	9.5	7.71203e-46
1.5	10	5.67371e-48
1.5	10.5	3.30051e-50
1.5	11	1.51814e-52
1.5	11.5	5.52153e-55
1.5	12	1.5879e-57
1.5	12.5	3.6108e-60
1.5	13	6.49232e-63
1.5	13.5	9.23023e-66
1.5	14	1.03763e-68
1.5	14.5	9.22333e-72
1.5	15	6.48261e-75
1.5	15.5	3.6027e-78
1.5	16	1.58316e-81
1.5	16.5	5.50091e-85
1.5	17	1.51134e-88
1.5	17.5	3.28327e-92
1.5	18	5.63985e-96
1.5	18.5	7.66028e-100
1.5	19	8.22694e-104
1.5	19.5	6.98631e-108
1.5	20	4.6911e-112
2	0	1.0811e-23
2	0.5	7.56746e-24
2	1	4.18844e-24
2	1.5	1.83304e-24
2	2	6.34317e-25
2	2.5	1.73563e-25
2	3	3.75513e-26
2	3.5	6.42406e-27
2	4	8.68982e-28
2	4.5	9.29454e-29
2	5	7.8607e-30
2	5.5	5.25668e-31
2	6	2.77957e-32
2	6.5	1.16215e-33
2	7	3.84202e-35
2	7.5	1.00433e-36
2	8	2.07591e-38
2	8.5	3.39278e-40
2	9	4.38451e-42
2	9.5	4.48025e-44
2	10	3.61993e-46
2	10.5	2.31267e-48
2	11	1.16827e-50
2	11.5	4.66651e-53
2	12	1.47386e-55
2	12.5	3.68074e-58
2	13	7.26828e-61
2	13.5	1.13487e-63
2	14	1.40111e-66
2	14.5	1.36779e-69
2	15	1.0558e-72
2	15.5	6.44405e-76
2	16	3.10995e-79
2	16.5	1.18677e-82
2	17	3.5809e-86
2	17.5	8.54352e-90
2	18	1.61175e-93
2	18.5	2.40422e-97
2	19	2.83575e-101
2	19.5	2.6447e-105
2	20	1.95031e-109
2.5	0	9.73885e-23
2.5	0.5	7.48675e-23
2.5	1	4.55088e-23
2.5	1.5	2.18733e-23
2.5	2	8.31282e-24
2.5	2.5	2.49804e-24
2.5	3	5.93564e-25
2.5	3.5	1.1152e-25
2.5	4	1.65673e-26
2.5	4.5	1.94612e-27
2.5	5	1.8076e-28
2.5	5.5	1.32755e-29
2.5	6	7.70936e-31
2.5	6.5	3.53998e-32
2.5	7	1.28529e-33
2.5	7.5	3.68991e-35
2.5	8	8.37621e-37
2.5	8.5	1.50347e-38
2.5	9	2.13383e-40
2.5	9.5	2.39465e-42
2.5	10	2.1249e-44
2.5	10.5	1.49092e-46
2.5	11	8.27148e-49
2.5	11.5	3.62852e-51
2.5	12	1.25862e-53
2.5	12.5	3.45202e-56
2.5	13	7.48633e-59
2.5	13.5	1.28375e-61
2.5	14	1.74065e-64
2.5	14.5	1.86619e-67
2.5	15	1.58204e-70
2.5	15.5	1.06046e-73
2.5	16	5.62069e-77
2.5	16.5	2.3556e-80
2.5	17	7.80599e-84
2.5	17.5	2.04537e-87
2.5	18	4.23772e-91
2.5	18.5	6.94239e-95
2.5	19	8.99294e-99
2.5	19.5	9.21109e-103
2.5	20	7.45997e-107
3	0	8.07154e-22
3	0.5	6.81462e-22
3	1	4.54929e-22
3	1.5	2.40138e-22
3	2	1.0023e-22
3	2.5	3.30786e-23
3	3	8.63207e-24
3	3.5	1.78114e-24
3	4	2.90602e-25
3	4.5	3.749e-26
3	5	3.82427e-27
3	5.5	3.0846e-28
3	6	1.96727e-29
3	6.5	9.9208e-31
3	7	3.9559e-32
3	7.5	1.24727e-33
3	8	3.10951e-35
3	8.5	6.12972e-37
3	9	9.55443e-39
3	9.5	1.17757e-40
3	10	1.14758e-42
3	10.5	8.84294e-45
3	11	5.38799e-47
3	11.5	2.59581e-49
3	12	9.88864e-52
3	12.5	2.97863e-54
3	13	7.09433e-57
3	13.5	1.33605e-59
3	14	1.98954e-62
3	14.5	2.3426e-65
3	15	2.18102e-68
3	15.5	1.6056e-71
3	16	9.34612e-75
3	16.5	4.30172e-78
3	17	1.56556e-81
3	17.5	4.50518e-85
3	18	1.02511e-88
3	18.5	1.84437e-92
3	19	2.62387e-96
3	19.5	2.95156e-100
3	20	2.62529e-104
3.5	0	6.15475e-21
3.5	0.5	5.70684e-21
3.5	1	4.18405e-21
3.5	1.5	2.42558e-21
3.5	2	1.11186e-21
3.5	2.5	4.02996e-22
3.5	3	1.15496e-22
3.5	3.5	2.61729e-23
3.5	4	4.68977e-24
3.5	4.5	6.64459e-25
3.5	5	7.4439e-26
3.5	5.5	6.59402e-27
3.5	6	4.61866e-28
3.5	6.5	2.55798e-29
3.5	7	1.1202e-30
3.5	7.5	3.87893e-32
3.5	8	1.06204e-33
3.5	8.5	2.29927e-35
3.5	9	3.936e-37
3.5	9.5	5.32765e-39
3.5	10	5.70207e-41
3.5	10.5	4.82554e-43
3.5	11	3.22906e-45
3.5	11.5	1.70853e-47
3.5	12	7.14801e-50
3.5	12.5	2.36464e-52
3.5	13	6.18529e-55
3.5	13.5	1.2793e-57
3.5	14	2.09219e-60
3.5	14.5	2.70548e-63
3.5	15	2.76634e-66
3.5	15.5	2.23658e-69
3.5	16	1.42981e-72
3.5	16.5	7.2275e-76
3.5	17	2.88879e-79
3.5	17.5	9.12974e-83
3.5	18	2.28149e-86
3.5	18.5	4.50811e-90
3.5	19	7.04348e-94
3.5	19.5	8.70154e-98
3.5	20	8.50005e-102
4	0	4.31788e-20
4	0.5	4.39699e-20
4	1	3.54043e-20
4	1.5	2.25411e-20
4	2	1.13477e-20
4	2.5	4.51709e-21
4	3	1.42176e-21
4	3.5	3.53842e-22
4	4	6.9632e-23
4	4.5	1.08349e-23
4	5	1.33309e-24
4	5.5	1.2969e-25
4	6	9.97637e-27
4	6.5	6.06812e-28
4	7	2.91845e-29
4	7.5	1.10986e-30
4	8	3.33733e-32
4	8.5	7.93499e-34
4	9	1.4918e-35
4	9.5	2.21764e-37
4	10	2.60668e-39
4	10.5	2.42271e-41
4	11	1.78045e-43
4	11.5	1.03461e-45
4	12	4.75378e-48
4	12.5	1.7271e-50
4	13	4.9615e-53
4	13.5	1.127e-55
4	14	2.0242e-58
4	14.5	2.87473e-61
4	15	3.22819e-64
4	15.5	2.8664e-67
4	16	2.01247e-70
4	16.5	1.11722e-73
4	17	4.90419e-77
4	17.5	1.7022e-80
4	18	4.67164e-84
4	18.5	1.01378e-87
4	19	1.73955e-91
4	19.5	2.36019e-95
4	20	2.53205e-99
4.5	0	2.78699e-19
4.5	0.5	3.11688e-19
4.5	1	2.75626e-19
4.5	1.5	1.92725e-19
4.5	2	1.06555e-19
4.5	2.5	4.65825e-20
4.5	3	1.61024e-20
4.5	3.5	4.40122e-21
4.5	4	9.51201e-22
4.5	4.5	1.6255e-22
4.5	5	2.19645e-23
4.5	5.5	2.34676e-24
4.5	6	1.9826e-25
4.5	6.5	1.32439e-26
4.5	7	6.99543e-28
4.5	7.5	2.92166e-29
4.5	8	9.6485e-31
4.5	8.5	2.51946e-32
4.5	9	5.20201e-34
4.5	9.5	8.49281e-36
4.5	10	1.09635e-37
4.5	10.5	1.11908e-39
4.5	11	9.03213e-42
4.5	11.5	5.76416e-44
4.5	12	2.9087e-46
4.5	12.5	1.16059e-48
4.5	13	3.66161e-51
4.5	13.5	9.13448e-54
4.5	14	1.80182e-56
4.5	14.5	2.81032e-59
4.5	15	3.46591e-62
4.5	15.5	3.37982e-65
4.5	16	2.60608e-68
4.5	16.5	1.5889e-71
4.5	17	7.65991e-75
4.5	17.5	2.91989e-78
4.5	18	8.80088e-82
4.5	18.5	2.0975e-85
4.5	19	3.9527e-89
4.5	19.5	5.88982e-93
4.5	20	6.93948e-97
5	0	1.65503e-18
5	0.5	2.03278e-18
5	1	1.9742e-18
5	1.5	1.51603e-18
5	2	9.20538e-19
5	2.5	4.41969e-19
5	3	1.67787e-19
5	3.5	5.03665e-20
5	4	1.19548e-20
5	4.5	2.24366e-21
5	5	3.32957e-22
5	5.5	3.90695e-23
5	6	3.62495e-24
5	6.5	2.6594e-25
5	7	1.5427e-26
5	7.5	7.07613e-28
5	8	2.56641e-29
5	8.5	7.35993e-31
5	9	1.66893e-32
5	9.5	2.99238e-34
5	10	4.24242e-36
5	10.5	4.75583e-38
5	11	4.21556e-40
5	11.5	2.95462e-42
5	12	1.63743e-44
5	12.5	7.17533e-47
5	13	2.4862e-49
5	13.5	6.81158e-52
5	14	1.47562e-54
5	14.5	2.52767e-57
5	15	3.42358e-60
5	15.5	3.66654e-63
5	16	3.10492e-66
5	16.5	2.07903e-69
5	17	1.10074e-72
5	17.5	4.60817e-76
5	18	1.52541e-79
5	18.5	3.99267e-83
5	19	8.26333e-87
5	19.5	1.35227e-90
5	20	1.7498e-94
5.5	0	9.04235e-18
5.5	0.5	1.21974e-17
5.5	1	1.30097e-17
5.5	1.5	1.09719e-17
5.5	2	7.31672e-18
5.5	2.5	3.85804e-18
5.5	3	1.60854e-18
5.5	3.5	5.30293e-19
5.5	4	1.38234e-19
5.5	4.5	2.84925e-20
5.5	5	4.64368e-21
5.5	5.5	5.98426e-22
5.5	6	6.09783e-23
5.5	6.5	4.91311e-24
5.5	7	3.13007e-25
5.5	7.5	1.57677e-26
5.5	8	6.28056e-28
5.5	8.5	1.97809e-29
5.5	9	4.92616e-31
5.5	9.5	9.70038e-33
5.5	10	1.51037e-34
5.5	10.5	1.8595e-36
5.5	11	1.8102e-38
5.5	11.5	1.39339e-40
5.5	12	8.48073e-43
5.5	12.5	4.08142e-45
5.5	13	1.55312e-47
5.5	13.5	4.67323e-50
5.5	14	1.11185e-52
5.5	14.5	2.09165e-55
5.5	15	3.11135e-58
5.5	15.5	3.65953e-61
5.5	16	3.40344e-64
5.5	16.5	2.50281e-67
5.5	17	1.45531e-70
5.5	17.5	6.69108e-74
5.5	18	2.43251e-77
5.5	18.5	6.99247e-81
5.5	19	1.58936e-84
5.5	19.5	2.85647e-88
5.5	20	4.05933e-92
6	0	4.5453e-17
6	0.5	6.73359e-17
6	1	7.88764e-17
6	1.5	7.30573e-17
6	2	5.35053e-17
6	2.5	3.09847e-17
6	3	1.41877e-17
6	3.5	5.13683e-18
6	4	1.4706e-18
6	4.5	3.32897e-19
6	5	5.95856e-20
6	5.5	8.43314e-21
6	6	9.43743e-22
6	6.5	8.35093e-23
6	7	5.84295e-24
6	7.5	3.23255e-25
6	8	1.41409e-26
6	8.5	4.89128e-28
6	9	1.33778e-29
6	9.5	2.89311e-31
6	10	4.94722e-33
6	10.5	6.68919e-35
6	11	7.15158e-37
6	11.5	6.04571e-39
6	12	4.04119e-41
6	12.5	2.13593e-43
6	13	8.9265e-46
6	13.5	2.9498e-48
6	14	7.7076e-51
6	14.5	1.59244e-53
6	15	2.60149e-56
6	15.5	3.36047e-59
6	16	3.43236e-62
6	16.5	2.77205e-65
6	17	1.77022e-68
6	17.5	8.9386e-72
6	18	3.56885e-75
6	18.5	1.12669e-78
6	19	2.81251e-82
6	19.5	5.5514e-86
6	20	8.66416e-90
6.5	0	2.10208e-16
6.5	0.5	3.42005e-16
6.5	1	4.3998e-16
6.5	1.5	4.47558e-16
6.5	2	3.59984e-16
6.5	2.5	2.28945e-16
6.5	3	1.15132e-16
6.5	3.5	4.57805e-17
6.5	4	1.43939e-17
6.5	4.5	3.57844e-18
6.5	5	7.03437e-19
6.5	5.5	1.09339e-19
6.5	6	1.34381e-20
6.5	6.5	1.30593e-21
6.5	7	1.0035e-22
6.5	7.5	6.09718e-24
6.5	8	2.92927e-25
6.5	8.5	1.11277e-26
6.5	9	3.34248e-28
6.5	9.5	7.93866e-30
6.5	10	1.49088e-31
6.5	10.5	2.21389e-33
6.5	11	2.59946e-35
6.5	11.5	2.4134e-37
6.5	12	1.7717e-39
6.5	12.5	1.02841e-41
6.5	13	4.72021e-44
6.5	13.5	1.71306e-46
6.5	14	4.91586e-49
6.5	14.5	1.11543e-51
6.5	15	2.00126e-54
6.5	15.5	2.83909e-57
6.5	16	3.18472e-60
6.5	16.5	2.82475e-63
6.5	17	1.9811e-66
6.5	17.5	1.09862e-69
6.5	18	4.81733e-73
6.5	18.5	1.67025e-76
6.5	19	4.57902e-80
6.5	19.5	9.92612e-84
6.5	20	1.70139e-87
7	0	8.94419e-16
7	0.5	1.59818e-15
7	1	2.258e-15
7	1.5	2.52256e-15
7	2	2.2283e-15
7	2.5	1.55641e-15
7	3	8.59584e-16
7	3.5	3.75379e-16
7	4	1.29619e-16
7	4.5	3.53903e-17
7	5	7.64038e-18
7	5.5	1.30426e-18
7	6	1.76046e-19
7	6.5	1.87892e-20
7	7	1.58564e-21
7	7.5	1.05808e-22
7	8	5.58274e-24
7	8.5	2.32913e-25
7	9	7.68344e-27
7	9.5	2.00417e-28
7	10	4.13362e-30
7	10.5	6.74128e-32
7	11	8.69302e-34
7	11.5	8.8637e-36
7	12	7.14622e-38
7	12.5	4.55569e-40
7	13	2.2964e-42
7	13.5	9.15288e-45
7	14	2.88459e-47
7	14.5	7.18833e-50
7	15	1.41641e-52
7	15.5	2.2068e-55
7	16	2.71867e-58
7	16.5	2.64829e-61
7	17	2.03981e-64
7	17.5	1.24231e-67
7	18	5.9826e-71
7	18.5	2.27806e-74
7	19	6.85891e-78
7	19.5	1.63291e-81
7	20	3.07388e-85
7.5	0	3.50137e-15
7.5	0.5	6.87103e-15
7.5	1	1.06616e-14
7.5	1.5	1.30809e-14
7.5	2	1.26902e-14
7.5	2.5	9.73462e-15
7.5	3	5.90452e-15
7.5	3.5	2.83182e-15
7.5	4	1.0739e-15
7.5	4.5	3.22017e-16
7.5	5	7.63502e-17
7.5	5.5	1.43139e-17
7.5	6	2.12188e-18
7.5	6.5	2.48715e-19
7.5	7	2.30514e-20
7.5	7.5	1.68932e-21
7.5	8	9.78906e-23
7.5	8.5	4.48525e-24
7.5	9	1.62498e-25
7.5	9.5	4.65509e-27
7.5	10	1.05444e-28
7.5	10.5	1.88858e-30
7.5	11	2.67462e-32
7.5	11.5	2.99507e-34
7.5	12	2.65197e-36
7.5	12.5	1.85671e-38
7.5	13	1.02787e-40
7.5	13.5	4.49934e-43
7.5	14	1.55731e-45
7.5	14.5	4.26205e-48
7.5	15	9.22312e-51
7.5	15.5	1.57817e-53
7.5	16	2.13524e-56
7.5	16.5	2.28431e-59
7.5	17	1.93232e-62
7.5	17.5	1.29247e-65
7.5	18	6.83563e-69
7.5	18.5	2.8586e-72
7.5	19	9.45243e-76
7.5	19.5	2.47144e-79
7.5	20	5.10945e-83
8	0	1.26108e-14
8	0.5	2.71784e-14
8	1	4.63152e-14
8	1.5	6.24079e-14
8	2	6.64924e-14
8	2.5	5.60171e-14
8	3	3.73152e-14
8	3.5	1.96547e-14
8	4	8.18588e-15
8	4.5	2.69575e-15
8	5	7.01957e-16
8	5.5	1.4453e-16
8	6	2.353e-17
8	6.5	3.02901e-18
8	7	3.08317e-19
8	7.5	2.48148e-20
8	8	1.57921e-21
8	8.5	7.94668e-23
8	9	3.1619e-24
8	9.5	9.94778e-26
8	10	2.47469e-27
8	10.5	4.8678e-29
8	11	7.57112e-31
8	11.5	9.31118e-33
8	12	9.05451e-35
8	12.5	6.96213e-37
8	13	4.23288e-39
8	13.5	2.03491e-41
8	14	7.7352e-44
8	14.5	2.32495e-46
8	15	5.52553e-49
8	15.5	1.03836e-51
8	16	1.54291e-54
8	16.5	1.8128e-57
8	17	1.68412e-60
8	17.5	1.23713e-63
8	18	7.18577e-67
8	18.5	3.30025e-70
8	19	1.1985e-73
8	19.5	3.44147e-77
8	20	7.8139e-81
8.5	0	4.17878e-14
8.5	0.5	9.89082e-14
8.5	1	1.85111e-13
8.5	1.5	2.73935e-13
8.5	2	3.20538e-13
8.5	2.5	2.9657e-13
8.5	3	2.16966e-13
8.5	3.5	1.25509e-13
8.5	4	5.74079e-14
8.5	4.5	2.07628e-14
8.5	5	5.93767e-15
8.5	5.5	1.34265e-15
8.5	6	2.40064e-16
8.5	6.5	3.39396e-17
8.5	7	3.79405e-18
8.5	7.5	3.35363e-19
8.5	8	2.34393e-20
8.5	8.5	1.29536e-21
8.5	9	5.66046e-23
8.5	9.5	1.95582e-24
8.5	10	5.34349e-26
8.5	10.5	1.15435e-27
8.5	11	1.9718e-29
8.5	11.5	2.66322e-31
8.5	12	2.84425e-33
8.5	12.5	2.40184e-35
8.5	13	1.60375e-37
8.5	13.5	8.46735e-40
8.5	14	3.53487e-42
8.5	14.5	1.16685e-44
8.5	15	3.04561e-47
8.5	15.5	6.28565e-50
8.5	16	1.02575e-52
8.5	16.5	1.32358e-55
8.5	17	1.35044e-58
8.5	17.5	1.08947e-61
8.5	18	6.94981e-65
8.5	18.5	3.50547e-68
8.5	19	1.3981e-71
8.5	19.5	4.40903e-75
8.5	20	1.09943e-78
9	0	1.27398e-13
9	0.5	3.31166e-13
9	1	6.80683e-13
9	1.5	1.10627e-12
9	2	1.42165e-12
9	2.5	1.44457e-12
9	3	1.16066e-12
9	3.5	7.37371e-13
9	4	3.7041e-13
9	4.5	1.47129e-13
9	5	4.62091e-14
9	5.5	1.14756e-14
9	6	2.2534e-15
9	6.5	3.49878e-16
9	7	4.29549e-17
9	7.5	4.1699e-18
9	8	3.20077e-19
9	8.5	1.94267e-20
9	9	9.32311e-22
9	9.5	3.53785e-23
9	10	1.06153e-24
9	10.5	2.51851e-26
9	11	4.72467e-28
9	11.5	7.00835e-30
9	12	8.22007e-32
9	12.5	7.62346e-34
9	13	5.59043e-36
9	13.5	3.24156e-38
9	14	1.48621e-40
9	14.5	5.38794e-43
9	15	1.54448e-45
9	15.5	3.50071e-48
9	16	6.27405e-51
9	16.5	8.8911e-54
9	17	9.96277e-57
9	17.5	8.82716e-60
9	18	6.18412e-63
9	18.5	3.42572e-66
9	19	1.50052e-69
9	19.5	5.19694e-73
9	20	1.42322e-76
9.5	0	3.5734e-13
9.5	0.5	1.02015e-12
9.5	1	2.30284e-12
9.5	1.5	4.11035e-12
9.5	2	5.80109e-12
9.5	2.5	6.47378e-12
9.5	3	5.71245e-12
9.5	3.5	3.98569e-12
9.5	4	2.19887e-12
9.5	4.5	9.59211e-13
9.5	5	3.3086e-13
9.5	5.5	9.02382e-14
9.5	6	1.94605e-14
9.5	6.5	3.31843e-15
9.5	7	4.47434e-16
9.5	7.5	4.77025e-17
9.5	8	4.02133e-18
9.5	8.5	2.68049e-19
9.5	9	1.41278e-20
9.5	9.5	5.88781e-22
9.5	10	1.94021e-23
9.5	10.5	5.05543e-25
9.5	11	1.04156e-26
9.5	11.5	1.69679e-28
9.5	12	2.18569e-30
9.5	12.5	2.22621e-32
9.5	13	1.79291e-34
9.5	13.5	1.14174e-36
9.5	14	5.74901e-39
9.5	14.5	2.28894e-41
9.5	15	7.20598e-44
9.5	15.5	1.79378e-46
9.5	16	3.53069e-49
9.5	16.5	5.49499e-52
9.5	17	6.76225e-55
9.5	17.5	6.58009e-58
9.5	18	5.06277e-61
9.5	18.5	3.08008e-64
9.5	19	1.48167e-67
9.5	19.5	5.63583e-71
9.5	20	1.69504e-74
10	0	9.2216e-13
10	0.5	2.89127e-12
10	1	7.16782e-12
10	1.5	1.40508e-11
10	2	2.17788e-11
10	2.5	2.6692e-11
10	3	2.5867e-11
10	3.5	1.9821e-11
10	4	1.20094e-11
10	4.5	5.75356e-12
10	5	2.17955e-12
10	5.5	6.52848e-13
10	6	1.54623e-13
10	6.5	2.8957e-14
10	7	4.28795e-15
10	7.5	5.02067e-16
10	8	4.64826e-17
10	8.5	3.40279e-18
10	9	1.96968e-19
10	9.5	9.01516e-21
10	10	3.26263e-22
10	10.5	9.33637e-24
10	11	2.11254e-25
10	11.5	3.77962e-27
10	12	5.34697e-29
10	12.5	5.98114e-31
10	13	5.29025e-33
10	13.5	3.69986e-35
10	14	2.04602e-37
10	14.5	8.94648e-40
10	15	3.09322e-42
10	15.5	8.45639e-45
10	16	1.828e-47
10	16.5	3.12452e-50
10	17	4.22287e-53
10	17.5	4.51282e-56
10	18	3.81333e-59
10	18.5	2.54787e-62
10	19	1.34607e-65
10	19.5	5.62306e-69
10	20	1.85736e-72
10.5	0	2.18946e-12
10.5	0.5	7.53908e-12
10.5	1	2.05266e-11
10.5	1.5	4.41907e-11
10.5	2	7.5225e-11
10.5	2.5	1.01253e-10
10.5	3	1.07764e-10
10.5	3.5	9.06889e-11
10.5	4	6.03463e-11
10.5	4.5	3.17515e-11
10.5	5	1.32097e-11
10.5	5.5	4.3455e-12
10.5	6	1.13032e-12
10.5	6.5	2.32477e-13
10.5	7	3.78073e-14
10.5	7.5	4.8617e-15
10.5	8	4.94329e-16
10.5	8.5	3.9743e-17
10.5	9	2.52651e-18
10.5	9.5	1.26999e-19
10.5	10	5.04769e-21
10.5	10.5	1.58636e-22
10.5	11	3.94212e-24
10.5	11.5	7.74591e-26
10.5	12	1.20346e-27
10.5	12.5	1.47845e-29
10.5	13	1.43615e-31
10.5	13.5	1.10308e-33
10.5	14	6.69937e-36
10.5	14.5	3.21718e-38
10.5	15	1.22161e-40
10.5	15.5	3.66782e-43
10.5	16	8.7076e-46
10.5	16.5	1.63458e-48
10.5	17	2.42621e-51
10.5	17.5	2.84754e-54
10.5	18	2.64257e-57
10.5	18.5	1.93909e-60
10.5	19	1.12509e-63
10.5	19.5	5.16171e-67
10.5	20	1.87247e-70
11	0	4.78268e-12
11	0.5	1.80864e-11
11	1	5.40818e-11
11	1.5	1.27869e-10
11	2	2.39054e-10
11	2.5	3.53381e-10
11	3	4.13055e-10
11	3.5	3.81757e-10
11	4	2.78987e-10
11	4.5	1.61212e-10
11	5	7.36591e-11
11	5.5	2.66117e-11
11	6	7.60211e-12
11	6.5	1.71717e-12
11	7	3.06696e-13
11	7.5	4.33131e-14
11	8	4.83668e-15
11	8.5	4.27063e-16
11	9	2.98162e-17
11	9.5	1.646e-18
11	10	7.18494e-20
11	10.5	2.47989e-21
11	11	6.76798e-23
11	11.5	1.4605e-24
11	12	2.49208e-26
11	12.5	3.3623e-28
11	13	3.58698e-30
11	13.5	3.02578e-32
11	14	2.01819e-34
11	14.5	1.0644e-36
11	15	4.43876e-39
11	15.5	1.46364e-41
11	16	3.81616e-44
11	16.5	7.86743e-47
11	17	1.2825e-49
11	17.5	1.65309e-52
11	18	1.68482e-55
11	18.5	1.35777e-58
11	19	8.65195e-62
11	19.5	4.35933e-65
11	20	1.73677e-68
11.5	0	9.61196e-12
11.5	0.5	3.99203e-11
11.5	1	1.31097e-10
11.5	1.5	3.40412e-10
11.5	2	6.98934e-10
11.5	2.5	1.13471e-09
11.5	3	1.45662e-09
11.5	3.5	1.47852e-09
11.5	4	1.18665e-09
11.5	4.5	7.5307e-10
11.5	5	3.77889e-10
11.5	5.5	1.49937e-10
11.5	6	4.70405e-11
11.5	6.5	1.16695e-11
11.5	7	2.289e-12
11.5	7.5	3.55023e-13
11.5	8	4.35396e-14
11.5	8.5	4.2221e-15
11.5	9	3.23734e-16
11.5	9.5	1.96275e-17
11.5	10	9.40933e-19
11.5	10.5	3.56672e-20
11.5	11	1.06904e-21
11.5	11.5	2.5336e-23
11.5	12	4.74784e-25
11.5	12.5	7.03512e-27
11.5	13	8.24259e-29
11.5	13.5	7.6361e-31
11.5	14	5.59366e-33
11.5	14.5	3.23994e-35
11.5	15	1.48387e-37
11.5	15.5	5.37364e-40
11.5	16	1.53872e-42
11.5	16.5	3.4839e-45
11.5	17	6.23719e-48
11.5	17.5	8.82935e-51
11.5	18	9.8829e-54
11.5	18.5	8.74696e-57
11.5	19	6.12133e-60
11.5	19.5	3.38728e-63
11.5	20	1.48208e-66
12	0	1.77729e-11
12	0.5	8.10661e-11
12	1	2.92373e-10
12	1.5	8.33778e-10
12	2	1.8801e-09
12	2.5	3.35218e-09
12	3	4.72597e-09
12	3.5	5.2683e-09
12	4	4.64373e-09
12	4.5	3.23653e-09
12	5	1.78364e-09
12	5.5	7.77237e-10
12	6	2.67803e-10
12	6.5	7.29614e-11
12	7	1.57177e-11
12	7.5	2.67731e-12
12	8	3.60601e-13
12	8.5	3.84034e-14
12	9	3.23393e-15
12	9.5	2.15331e-16
12	10	1.13371e-17
12	10.5	4.71965e-19
12	11	1.55359e-20
12	11.5	4.04369e-22
12	12	8.32217e-24
12	12.5	1.35429e-25
12	13	1.74262e-27
12	13.5	1.77301e-29
12	14	1.42638e-31
12	14.5	9.07354e-34
12	15	4.56388e-36
12	15.5	1.81513e-38
12	16	5.70818e-41
12	16.5	1.4194e-43
12	17	2.79079e-46
12	17.5	4.33877e-49
12	18	5.33362e-52
12	18.5	5.18435e-55
12	19	3.98458e-58
12	19.5	2.42152e-61
12	20	1.16361e-64
12.5	0	3.0235e-11
12.5	0.5	1.51457e-10
12.5	1	5.99912e-10
12.5	1.5	1.87889e-09
12.5	2	4.65298e-09
12.5	2.5	9.11125e-09
12.5	3	1.41072e-08
12.5	3.5	1.72711e-08
12.5	4	1.67192e-08
12.5	4.5	1.27976e-08
12.5	5	7.74564e-09
12.5	5.5	3.70683e-09
12.5	6	1.4027e-09
12.5	6.5	4.19703e-10
12.5	7	9.9297e-11
12.5	7.5	1.85758e-11
12.5	8	2.74773e-12
12.5	8.5	3.21379e-13
12.5	9	2.9722e-14
12.5	9.5	2.17347e-15
12.5	10	1.25674e-16
12.5	10.5	5.74587e-18
12.5	11	2.07722e-19
12.5	11.5	5.93778e-21
12.5	12	1.34209e-22
12.5	12.5	2.3986e-24
12.5	13	3.3896e-26
12.5	13.5	3.78753e-28
12.5	14	3.34642e-30
12.5	14.5	2.33787e-32
12.5	15	1.29145e-34
12.5	15.5	5.64094e-37
12.5	16	1.94824e-39
12.5	16.5	5.32044e-42
12.5	17	1.14887e-44
12.5	17.5	1.9616e-47
12.5	18	2.64829e-50
12.5	18.5	2.82707e-53
12.5	19	2.3863e-56
12.5	19.5	1.59269e-59
12.5	20	8.40526e-63
13	0	4.73223e-11
13	0.5	2.60343e-10
13	1	1.13251e-09
13	1.5	3.89545e-09
13	2	1.05947e-08
13	2.5	2.27842e-08
13	3	3.87433e-08
13	3.5	5.20925e-08
13	4	5.53823e-08
13	4.5	4.65568e-08
13	5	3.09465e-08
13	5.5	1.62651e-08
13	6	6.75955e-09
13	6.5	2.22124e-09
13	7	5.77151e-10
13	7.5	1.18577e-10
13	8	1.92631e-11
13	8.5	2.4744e-12
13	9	2.51322e-13
13	9.5	2.0184e-14
13	10	1.28174e-15
13	10.5	6.43588e-17
13	11	2.55525e-18
13	11.5	8.02186e-20
13	12	1.99129e-21
13	12.5	3.90848e-23
13	13	6.06596e-25
13	13.5	7.44401e-27
13	14	7.22322e-29
13	14.5	5.54206e-31
13	15	3.36223e-33
13	15.5	1.61288e-35
13	16	6.11774e-38
13	16.5	1.83483e-40
13	17	4.3513e-43
13	17.5	8.1594e-46
13	18	1.2098e-48
13	18.5	1.41836e-51
13	19	1.31484e-54
13	19.5	9.63779e-58
13	20	5.58597e-61
13.5	0	6.81441e-11
13.5	0.5	4.11726e-10
13.5	1	1.96701e-09
13.5	1.5	7.43051e-09
13.5	2	2.21947e-08
13.5	2.5	5.24197e-08
13.5	3	9.78942e-08
13.5	3.5	1.44556e-07
13.5	4	1.68784e-07
13.5	4.5	1.55827e-07
13.5	5	1.13755e-07
13.5	5.5	6.56623e-08
13.5	6	2.99693e-08
13.5	6.5	1.08157e-08
13.5	7	3.08637e-09
13.5	7.5	6.964e-10
13.5	8	1.24247e-10
13.5	8.5	1.75278e-11
13.5	9	1.95519e-12
13.5	9.5	1.7245e-13
13.5	10	1.2027e-14
13.5	10.5	6.63232e-16
13.5	11	2.89195e-17
13.5	11.5	9.97085e-19
13.5	12	2.71825e-20
13.5	12.5	5.85955e-22
13.5	13	9.98747e-24
13.5	13.5	1.34605e-25
13.5	14	1.43445e-27
13.5	14.5	1.20872e-29
13.5	15	8.05347e-32
13.5	15.5	4.24283e-34
13.5	16	1.76744e-36
13.5	16.5	5.82172e-39
13.5	17	1.51626e-41
13.5	17.5	3.12257e-44
13.5	18	5.08472e-47
13.5	18.5	6.54694e-50
13.5	19	6.6654e-53
13.5	19.5	5.36575e-56
13.5	20	3.41548e-59
14	0	9.02809e-11
14	0.5	5.99068e-10
14	1	3.1432e-09
14	1.5	1.30402e-08
14	2	4.27775e-08
14	2.5	1.10959e-07
14	3	2.27574e-07
14	3.5	3.69064e-07
14	4	4.73257e-07
14	4.5	4.79854e-07
14	5	3.84713e-07
14	5.5	2.43883e-07
14	6	1.22248e-07
14	6.5	4.84528e-08
14	7	1.51849e-08
14	7.5	3.7629e-09
14	8	7.37308e-10
14	8.5	1.14233e-10
14	9	1.39943e-11
14	9.5	1.35559e-12
14	10	1.03829e-13
14	10.5	6.28822e-15
14	11	3.01129e-16
14	11.5	1.14023e-17
14	12	3.41391e-19
14	12.5	8.08214e-21
14	13	1.51292e-22
14	13.5	2.23936e-24
14	14	2.62088e-26
14	14.5	2.42542e-28
14	15	1.77478e-30
14	15.5	1.02687e-32
14	16	4.69792e-35
14	16.5	1.69946e-37
14	17	4.86108e-40
14	17.5	1.09944e-42
14	18	1.96619e-45
14	18.5	2.78034e-48
14	19	3.10874e-51
14	19.5	2.74846e-54
14	20	1.92136e-57
14.5	0	1.10045e-10
14.5	0.5	8.01953e-10
14.5	1	4.6211e-09
14.5	1.5	2.10551e-08
14.5	2	7.58555e-08
14.5	2.5	2.16089e-07
14.5	3	4.86738e-07
14.5	3.5	8.66909e-07
14.5	4	1.22087e-06
14.5	4.5	1.3595e-06
14.5	5	1.19704e-06
14.5	5.5	8.33396e-07
14.5	6	4.58788e-07
14.5	6.5	1.99705e-07
14.5	7	6.87357e-08
14.5	7.5	1.87065e-08
14.5	8	4.02549e-09
14.5	8.5	6.84953e-10
14.5	9	9.21553e-11
14.5	9.5	9.80383e-12
14.5	10	8.24684e-13
14.5	10.5	5.48524e-14
14.5	11	2.88483e-15
14.5	11.5	1.19967e-16
14.5	12	3.94475e-18
14.5	12.5	1.02564e-19
14.5	13	2.10855e-21
14.5	13.5	3.4276e-23
14.5	14	4.40569e-25
14.5	14.5	4.47768e-27
14.5	15	3.5984e-29
14.5	15.5	2.28656e-31
14.5	16	1.14887e-33
14.5	16.5	4.56432e-36
14.5	17	1.43383e-38
14.5	17.5	3.56153e-41
14.5	18	6.99505e-44
14.5	18.5	1.08633e-46
14.5	19	1.33398e-49
14.5	19.5	1.29525e-52
14.5	20	9.94427e-56
15	0	1.23409e-10
15	0.5	9.87704e-10
15	1	6.25062e-09
15	1.5	3.12778e-08
15	2	1.23755e-07
15	2.5	3.87177e-07
15	3	9.57793e-07
15	3.5	1.87348e-06
15	4	2.89764e-06
15	4.5	3.54369e-06
15	5	3.42676e-06
15	5.5	2.62016e-06
15	6	1.58412e-06
15	6.5	7.57294e-07
15	7	2.86258e-07
15	7.5	8.55593e-08
15	8	2.02206e-08
15	8.5	3.77864e-09
15	9	5.58334e-10
15	9.5	6.52333e-11
15	10	6.02644e-12
15	10.5	4.40219e-13
15	11	2.54269e-14
15	11.5	1.16127e-15
15	12	4.19365e-17
15	12.5	1.19747e-18
15	13	2.70368e-20
15	13.5	4.82684e-22
15	14	6.81374e-24
15	14.5	7.60545e-26
15	15	6.71245e-28
15	15.5	4.68439e-30
15	16	2.58489e-32
15	16.5	1.12784e-34
15	17	3.89106e-37
15	17.5	1.06147e-39
15	18	2.2896e-42
15	18.5	3.90509e-45
15	19	5.26646e-48
15	19.5	5.61593e-51
15	20	4.73524e-54
15.5	0	1.2733e-10
15.5	0.5	1.11921e-09
15.5	1	7.77869e-09
15.5	1.5	4.27483e-08
15.5	2	1.85758e-07
15.5	2.5	6.38252e-07
15.5	3	1.73402e-06
15.5	3.5	3.72505e-06
15.5	4	6.32742e-06
15.5	4.5	8.4984e-06
15.5	5	9.02536e-06
15.5	5.5	7.57894e-06
15.5	6	5.03232e-06
15.5	6.5	2.64207e-06
15.5	7	1.09683e-06
15.5	7.5	3.60037e-07
15.5	8	9.34486e-08
15.5	8.5	1.91785e-08
15.5	9	3.11224e-09
15.5	9.5	3.99345e-10
15.5	10	4.05173e-11
15.5	10.5	3.25048e-12
15.5	11	2.06192e-13
15.5	11.5	1.03422e-14
15.5	12	4.10176e-16
15.5	12.5	1.2863e-17
15.5	13	3.18958e-19
15.5	13.5	6.25374e-21
15.5	14	9.69533e-23
15.5	14.5	1.18851e-24
15.5	15	1.15201e-26
15.5	15.5	8.82936e-29
15.5	16	5.35079e-31
15.5	16.5	2.56403e-33
15.5	17	9.71503e-36
15.5	17.5	2.91059e-38
15.5	18	6.89502e-41
15.5	18.5	1.29154e-43
15.5	19	1.9129e-46
15.5	19.5	2.24025e-49
15.5	20	2.07451e-52
16	0	1.2087e-10
16	0.5	1.16681e-09
16	1	8.90625e-09
16	1.5	5.37535e-08
16	2	2.56528e-07
16	2.5	9.68011e-07
16	3	2.8883e-06
16	3.5	6.81427e-06
16	4	1.2712e-05
16	4.5	1.8751e-05
16	5	2.18701e-05
16	5.5	2.01695e-05
16	6	1.4708e-05
16	6.5	8.48069e-06
16	7	3.86655e-06
16	7.5	1.3939e-06
16	8	3.97336e-07
16	8.5	8.95572e-08
16	9	1.59609e-08
16	9.5	2.24923e-09
16	10	2.50625e-10
16	10.5	2.20817e-11
16	11	1.53835e-12
16	11.5	8.47416e-14
16	12	3.69108e-15
16	12.5	1.27124e-16
16	13	3.46192e-18
16	13.5	7.45457e-20
16	14	1.26924e-21
16	14.5	1.70877e-23
16	15	1.81903e-25
16	15.5	1.53113e-27
16	16	1.01906e-29
16	16.5	5.36295e-32
16	17	2.23165e-34
16	17.5	7.34282e-37
16	18	1.91037e-39
16	18.5	3.92995e-42
16	19	6.39254e-45
16	19.5	8.22198e-48
16	20	8.36173e-51
16.5	0	1.05564e-10
16.5	0.5	1.11916e-09
16.5	1	9.38186e-09
16.5	1.5	6.21872e-08
16.5	2	3.25934e-07
16.5	2.5	1.35075e-06
16.5	3	4.42624e-06
16.5	3.5	1.14687e-05
16.5	4	2.34967e-05
16.5	4.5	3.80642e-05
16.5	5	4.87577e-05
16.5	5.5	4.93841e-05
16.5	6	3.955e-05
16.5	6.5	2.50451e-05
16.5	7	1.25405e-05
16.5	7.5	4.96505e-06
16.5	8	1.55435e-06
16.5	8.5	3.84761e-07
16.5	9	7.53094e-08
16.5	9.5	1.16553e-08
16.5	10	1.42631e-09
16.5	10.5	1.38014e-10
16.5	11	1.05596e-11
16.5	11.5	6.38831e-13
16.5	12	3.05592e-14
16.5	12.5	1.15589e-15
16.5	13	3.45704e-17
16.5	13.5	8.17544e-19
16.5	14	1.52874e-20
16.5	14.5	2.26033e-22
16.5	15	2.64257e-24
16.5	15.5	2.44286e-26
16.5	16	1.78561e-28
16.5	16.5	1.03203e-30
16.5	17	4.71641e-33
16.5	17.5	1.70431e-35
16.5	18	4.8697e-38
16.5	18.5	1.1002e-40
16.5	19	1.96544e-43
16.5	19.5	2.77627e-46
16.5	20	3.10085e-49
17	0	8.48231e-11
17	0.5	9.87627e-10
17	1	9.09261e-09
17	1.5	6.61912e-08
17	2	3.81003e-07
17	2.5	1.73409e-06
17	3	6.2407e-06
17	3.5	1.77587e-05
17	4	3.99581e-05
17	4.5	7.1091e-05
17	5	0.000100009
17	5.5	0.000111246
17	6	9.78461e-05
17	6.5	6.80486e-05
17	7	3.74207e-05
17	7.5	1.62712e-05
17	8	5.59429e-06
17	8.5	1.52085e-06
17	9	3.26922e-07
17	9.5	5.55673e-08
17	10	7.46809e-09
17	10.5	7.93628e-10
17	11	6.66869e-11
17	11.5	4.43078e-12
17	12	2.32775e-13
17	12.5	9.66962e-15
17	13	3.17613e-16
17	13.5	8.24906e-18
17	14	1.69405e-19
17	14.5	2.75084e-21
17	15	3.53199e-23
17	15.5	3.58584e-25
17	16	2.87858e-27
17	16.5	1.82719e-29
17	17	9.17073e-32
17	17.5	3.63949e-34
17	18	1.14207e-36
17	18.5	2.83377e-39
17	19	5.55968e-42
17	19.5	8.62487e-45
17	20	1.05797e-47
17.5	0	6.27075e-11
17.5	0.5	8.01859e-10
17.5	1	8.10762e-09
17.5	1.5	6.48193e-08
17.5	2	4.09763e-07
17.5	2.5	2.04822e-06
17.5	3	8.09538e-06
17.5	3.5	2.52996e-05
17.5	4	6.25184e-05
17.5	4.5	0.000122157
17.5	5	0.000188731
17.5	5.5	0.000230562
17.5	6	0.000222713
17.5	6.5	0.000170107
17.5	7	0.000102734
17.5	7.5	4.90594e-05
17.5	8	1.85245e-05
17.5	8.5	5.5308e-06
17.5	9	1.30571e-06
17.5	9.5	2.43736e-07
17.5	10	3.59758e-08
17.5	10.5	4.19872e-09
17.5	11	3.87472e-10
17.5	11.5	2.82736e-11
17.5	12	1.63131e-12
17.5	12.5	7.44233e-14
17.5	13	2.68471e-15
17.5	13.5	7.65779e-17
17.5	14	1.72713e-18
17.5	14.5	3.08009e-20
17.5	15	4.34328e-22
17.5	15.5	4.84272e-24
17.5	16	4.2695e-26
17.5	16.5	2.97633e-28
17.5	17	1.64059e-30
17.5	17.5	7.15052e-33
17.5	18	2.46429e-35
17.5	18.5	6.71522e-38
17.5	19	1.44693e-40
17.5	19.5	2.46518e-43
17.5	20	3.32099e-46
18	0	4.26511e-11
18	0.5	5.98975e-10
18	1	6.65125e-09
18	1.5	5.84002e-08
18	2	4.05455e-07
18	2.5	2.2258e-06
18	3	9.66155e-06
18	3.5	3.31607e-05
18	4	8.99947e-05
18	4.5	0.00019312
18	5	0.000327682
18	5.5	0.000439638
18	6	0.000466395
18	6.5	0.000391227
18	7	0.00025949
18	7.5	0.000136091
18	8	5.64357e-05
18	8.5	1.85052e-05
18	9	4.79791e-06
18	9.5	9.83617e-07
18	10	1.59447e-07
18	10.5	2.04373e-08
18	11	2.07132e-09
18	11.5	1.65991e-10
18	12	1.05182e-11
18	12.5	5.27004e-13
18	13	2.08787e-14
18	13.5	6.54045e-16
18	14	1.62005e-17
18	14.5	3.17298e-19
18	15	4.91385e-21
18	15.5	6.01718e-23
18	16	5.82613e-25
18	16.5	4.4605e-27
18	17	2.70025e-29
18	17.5	1.29253e-31
18	18	4.89208e-34
18	18.5	1.46407e-36
18	19	3.46456e-39
18	19.5	6.48262e-42
18	20	9.59112e-45
18.5	0	2.66899e-11
18.5	0.5	4.11647e-10
18.5	1	5.02018e-09
18.5	1.5	4.84094e-08
18.5	2	3.69111e-07
18.5	2.5	2.22536e-06
18.5	3	1.06087e-05
18.5	3.5	3.99888e-05
18.5	4	0.000119188
18.5	4.5	0.000280893
18.5	5	0.000523439
18.5	5.5	0.000771274
18.5	6	0.000898602
18.5	6.5	0.000827832
18.5	7	0.000603023
18.5	7.5	0.00034733
18.5	8	0.000158185
18.5	8.5	5.69649e-05
18.5	9	1.62205e-05
18.5	9.5	3.65206e-06
18.5	10	6.50171e-07
18.5	10.5	9.15239e-08
18.5	11	1.01873e-08
18.5	11.5	8.96595e-10
18.5	12	6.23953e-11
18.5	12.5	3.4334e-12
18.5	13	1.49387e-13
18.5	13.5	5.13946e-15
18.5	14	1.3981e-16
18.5	14.5	3.0073e-18
18.5	15	5.11483e-20
18.5	15.5	6.87862e-22
18.5	16	7.31457e-24
18.5	16.5	6.15024e-26
18.5	17	4.08895e-28
18.5	17.5	2.14955e-30
18.5	18	8.93513e-33
18.5	18.5	2.93677e-35
18.5	19	7.6323e-38
18.5	19.5	1.5684e-40
18.5	20	2.54845e-43
19	0	1.53663e-11
19	0.5	2.60283e-10
19	1	3.4861e-09
19	1.5	3.69191e-08
19	2	3.09156e-07
19	2.5	2.04702e-06
19	3	1.07172e-05
19	3.5	4.43668e-05
19	4	0.000145228
19	4.5	0.000375889
19	5	0.000769282
19	5.5	0.00124488
19	6	0.00159289
19	6.5	0.00161161
19	7	0.00128929
19	7.5	0.000815567
19	8	0.000407928
19	8.5	0.000161333
19	9	5.04524e-05
19	9.5	1.24754e-05
19	10	2.43918e-06
19	10.5	3.77095e-07
19	11	4.60971e-08
19	11.5	4.45567e-09
19	12	3.4054e-10
19	12.5	2.05797e-11
19	13	9.83395e-13
19	13.5	3.71563e-14
19	14	1.11008e-15
19	14.5	2.62236e-17
19	15	4.8983e-19
19	15.5	7.23462e-21
19	16	8.44895e-23
19	16.5	7.802e-25
19	17	5.69673e-27
19	17.5	3.28898e-29
19	18	1.50146e-31
19	18.5	5.4198e-34
19	19	1.54692e-36
19	19.5	3.49116e-39
19	20	6.23e-42
19.5	0	8.13945e-12
19.5	0.5	1.51416e-10
19.5	1	2.22724e-09
19.5	1.5	2.59046e-08
19.5	2	2.38234e-07
19.5	2.5	1.7324e-06
19.5	3	9.96109e-06
19.5	3.5	4.5288e-05
19.5	4	0.000162808
19.5	4.5	0.000462791
19.5	5	0.00104018
19.5	5.5	0.00184864
19.5	6	0.00259783
19.5	6.5	0.00288659
19.5	7	0.00253616
19.5	7.5	0.00176191
19.5	8	0.000967848
19.5	8.5	0.000420385
19.5	9	0.000144379
19.5	9.5	3.92082e-05
19.5	10	8.41912e-06
19.5	10.5	1.42946e-06
19.5	11	1.91909e-07
19.5	11.5	2.0372e-08
19.5	12	1.70997e-09
19.5	12.5	1.13491e-10
19.5	13	5.95592e-12
19.5	13.5	2.47146e-13
19.5	14	8.10913e-15
19.5	14.5	2.10383e-16
19.5	15	4.31584e-18
19.5	15.5	7.0006e-20
19.5	16	8.97888e-22
19.5	16.5	9.10595e-24
19.5	17	7.30204e-26
19.5	17.5	4.62999e-28
19.5	18	2.32131e-30
19.5	18.5	9.2024e-33
19.5	19	2.8846e-35
19.5	19.5	7.1497e-38
19.5	20	1.40122e-40
20	0	3.96668e-12
20	0.5	8.1041e-11
20	1	1.30918e-09
20	1.5	1.67228e-08
20	2	1.68902e-07
20	2.5	1.3489e-06
20	3	8.51801e-06
20	3.5	4.25318e-05
20	4	0.000167921
20	4.5	0.000524222
20	5	0.00129402
20	5.5	0.0025257
20	6	0.00389798
20	6.5	0.00475679
20	7	0.00458992
20	7.5	0.00350197
20	8	0.00211269
20	8.5	0.0010078
20	9	0.00038013
20	9.5	0.000113372
20	10	2.67359e-05
20	10.5	4.9854e-06
20	11	7.35059e-07
20	11.5	8.56961e-08
20	12	7.8998e-09
20	12.5	5.75821e-10
20	13	3.31876e-11
20	13.5	1.51244e-12
20	14	5.45005e-14
20	14.5	1.55288e-15
20	15	3.49857e-17
20	15.5	6.23248e-19
20	16	8.77904e-21
20	16.5	9.77799e-23
20	17	8.6113e-25
20	17.5	5.99659e-27
20	18	3.30184e-29
20	18.5	1.43756e-31
20	19	4.94891e-34
20	19.5	1.34713e-36
20	20	2.89954e-39
20.5	0	1.77855e-12
20.5	0.5	3.99064e-11
20.5	1	7.08004e-10
20.5	1.5	9.93221e-09
20.5	2	1.10172e-07
20.5	2.5	9.66307e-07
20.5	3	6.70153e-06
20.5	3.5	3.67494e-05
20.5	4	0.000159346
20.5	4.5	0.000546324
20.5	5	0.00148107
20.5	5.5	0.0031748
20.5	6	0.00538114
20.5	6.5	0.00721188
20.5	7	0.00764257
20.5	7.5	0.00640393
20.5	8	0.00424297
20.5	8.5	0.00222285
20.5	9	0.000920801
20.5	9.5	0.000301605
20.5	10	7.81138e-05
20.5	10.5	1.59968e-05
20.5	11	2.59033e-06
20.5	11.5	3.3166e-07
20.5	12	3.35775e-08
20.5	12.5	2.68794e-09
20.5	13	1.7014e-10
20.5	13.5	8.51551e-12
20.5	14	3.37001e-13
20.5	14.5	1.05455e-14
20.5	15	2.60928e-16
20.5	15.5	5.10494e-18
20.5	16	7.89727e-20
20.5	16.5	9.66006e-22
20.5	17	9.34326e-24
20.5	17.5	7.14552e-26
20.5	18	4.32101e-28
20.5	18.5	2.06611e-30
20.5	19	7.81157e-33
20.5	19.5	2.33528e-35
20.5	20	5.52023e-38
21	0	7.33682e-13
21	0.5	1.80794e-11
21	1	3.52272e-10
21	1.5	5.42735e-09
21	2	6.61172e-08
21	2.5	6.36879e-07
21	3	4.85083e-06
21	3.5	2.9214e-05
21	4	0.000139118
21	4.5	0.000523831
21	5	0.00155961
21	5.5	0.00367162
21	6	0.00683463
21	6.5	0.0100598
21	7	0.0117079
21	7.5	0.0107742
21	8	0.00783987
21	8.5	0.00451075
21	9	0.00205213
21	9.5	0.000738205
21	10	0.000209974
21	10.5	4.72249e-05
21	11	8.39833e-06
21	11.5	1.18095e-06
21	12	1.31306e-07
21	12.5	1.1544e-08
21	13	8.02498e-10
21	13.5	4.41111e-11
21	14	1.9172e-12
21	14.5	6.58877e-14
21	15	1.79043e-15
21	15.5	3.84704e-17
21	16	6.53601e-19
21	16.5	8.78041e-21
21	17	9.32682e-23
21	17.5	7.83373e-25
21	18	5.2026e-27
21	18.5	2.73205e-29
21	19	1.13442e-31
21	19.5	3.72455e-34
21	20	9.6692e-37
21.5	0	2.78456e-13
21.5	0.5	7.53587e-12
21.5	1	1.6126e-10
21.5	1.5	2.72858e-09
21.5	2	3.65058e-08
21.5	2.5	3.86193e-07
21.5	3	3.23045e-06
21.5	3.5	2.13667e-05
21.5	4	0.000111745
21.5	4.5	0.000462102
21.5	5	0.00151099
21.5	5.5	0.00390664
21.5	6	0.00798657
21.5	6.5	0.0129102
21.5	7	0.0165015
21.5	7.5	0.0166775
21.5	8	0.0133277
21.5	8.5	0.00842157
21.5	9	0.00420774
21.5	9.5	0.00166234
21.5	10	0.00051929
21.5	10.5	0.000128267
21.5	11	2.50516e-05
21.5	11.5	3.86878e-06
21.5	12	4.7242e-07
21.5	12.5	4.56141e-08
21.5	13	3.48246e-09
21.5	13.5	2.10228e-10
21.5	14	1.00348e-11
21.5	14.5	3.78744e-13
21.5	15	1.13031e-14
21.5	15.5	2.66728e-16
21.5	16	4.97684e-18
21.5	16.5	7.3427e-20
21.5	17	8.56592e-22
21.5	17.5	7.90149e-24
21.5	18	5.76316e-26
21.5	18.5	3.32375e-28
21.5	19	1.5157e-30
21.5	19.5	5.46528e-33
21.5	20	1.55822e-35
22	0	9.72323e-14
22	0.5	2.88993e-12
22	1	6.79172e-11
22	1.5	1.26209e-09
22	2	1.85445e-08
22	2.5	2.15455e-07
22	3	1.97932e-06
22	3.5	1.43777e-05
22	4	8.25813e-05
22	4.5	0.00037505
22	5	0.00134683
22	5.5	0.00382432
22	6	0.00858641
22	6.5	0.0152435
22	7	0.0213981
22	7.5	0.023751
22	8	0.0208451
22	8.5	0.0144658
22	9	0.00793777
22	9.5	0.00344406
22	10	0.00118157
22	10.5	0.000320526
22	11	6.87519e-05
22	11.5	1.16606e-05
22	12	1.56378e-06
22	12.5	1.65824e-07
22	13	1.39038e-08
22	13.5	9.21801e-10
22	14	4.83234e-11
22	14.5	2.00306e-12
22	15	6.56517e-14
22	15.5	1.70143e-15
22	16	3.48658e-17
22	16.5	5.64939e-19
22	17	7.23803e-21
22	17.5	7.33255e-23
22	18	5.87362e-25
22	18.5	3.72026e-27
22	19	1.86319e-29
22	19.5	7.37832e-32
22	20	2.31033e-34
22.5	0	3.1237e-14
22.5	0.5	1.01964e-12
22.5	1	2.63171e-11
22.5	1.5	5.37091e-10
22.5	2	8.66709e-09
22.5	2.5	1.1059e-07
22.5	3	1.11577e-06
22.5	3.5	8.90119e-06
22.5	4	5.61487e-05
22.5	4.5	0.000280057
22.5	5	0.00110451
22.5	5.5	0.00344438
22.5	6	0.00849314
22.5	6.5	0.0165593
22.5	7	0.0255288
22.5	7.5	0.0311198
22.5	8	0.0299957
22.5	8.5	0.0228612
22.5	9	0.013777
22.5	9.5	0.00656486
22.5	10	0.00247351
22.5	10.5	0.000736916
22.5	11	0.000173596
22.5	11.5	3.23353e-05
22.5	12	4.76245e-06
22.5	12.5	5.54626e-07
22.5	13	5.10725e-08
22.5	13.5	3.71869e-09
22.5	14	2.14097e-10
22.5	14.5	9.74643e-12
22.5	15	3.50831e-13
22.5	15.5	9.98543e-15
22.5	16	2.24725e-16
22.5	16.5	3.99902e-18
22.5	17	5.62693e-20
22.5	17.5	6.26045e-22
22.5	18	5.50753e-24
22.5	18.5	3.8311e-26
22.5	19	2.10721e-28
22.5	19.5	9.16448e-31
22.5	20	3.15155e-33
23	0	9.23282e-15
23	0.5	3.30987e-13
23	1	9.38216e-12
23	1.5	2.10287e-10
23	2	3.72681e-09
23	2.5	5.2225e-08
23	3	5.78678e-07
23	3.5	5.07004e-06
23	4	3.51239e-05
23	4.5	0.000192402
23	5	0.000833361
23	5.5	0.00285413
23	6	0.00772912
23	6.5	0.0165502
23	7	0.0280216
23	7.5	0.0375144
23	8	0.0397119
23	8.5	0.0332399
23	9	0.0219996
23	9.5	0.0115129
23	10	0.00476402
23	10.5	0.00155876
23	11	0.000403273
23	11.5	8.24966e-05
23	12	1.33441e-05
23	12.5	1.70671e-06
23	13	1.72602e-07
23	13.5	1.38022e-08
23	14	8.72706e-10
23	14.5	4.36318e-11
23	15	1.72487e-12
23	15.5	5.39168e-14
23	16	1.33263e-15
23	16.5	2.60442e-17
23	17	4.02465e-19
23	17.5	4.9177e-21
23	18	4.75131e-23
23	18.5	3.62978e-25
23	19	2.19262e-27
23	19.5	1.04728e-29
23	20	3.9553e-32
23.5	0	2.51076e-15
23.5	0.5	9.88508e-14
23.5	1	3.07732e-12
23.5	1.5	7.57497e-11
23.5	2	1.47437e-09
23.5	2.5	2.26907e-08
23.5	3	2.76125e-07
23.5	3.5	2.65693e-06
23.5	4	2.02148e-05
23.5	4.5	0.000121612
23.5	5	0.000578497
23.5	5.5	0.00217591
23.5	6	0.00647139
23.5	6.5	0.0152184
23.5	7	0.0282982
23.5	7.5	0.0416068
23.5	8	0.0483712
23.5	8.5	0.0444657
23.5	9	0.0323206
23.5	9.5	0.018576
23.5	10	0.00844188
23.5	10.5	0.00303349
23.5	11	0.000861913
23.5	11.5	0.000193642
23.5	12	3.43996e-05
23.5	12.5	4.83196e-06
23.5	13	5.36673e-07
23.5	13.5	4.71316e-08
23.5	14	3.27289e-09
23.5	14.5	1.79708e-10
23.5	15	7.80223e-12
23.5	15.5	2.67847e-13
23.5	16	7.27062e-15
23.5	16.5	1.56053e-16
23.5	17	2.64844e-18
23.5	17.5	3.55406e-20
23.5	18	3.77116e-22
23.5	18.5	3.16404e-24
23.5	19	2.09906e-26
23.5	19.5	1.10109e-28
23.5	20	4.5671e-31
24	0	6.28174e-16
24	0.5	2.71616e-14
24	1	9.2864e-13
24	1.5	2.51048e-11
24	2	5.36637e-10
24	2.5	9.07031e-09
24	3	1.21221e-07
24	3.5	1.28101e-06
24	4	1.07039e-05
24	4.5	7.07214e-05
24	5	0.000369466
24	5.5	0.00152621
24	6	0.00498505
24	6.5	0.0128749
24	7	0.0262925
24	7.5	0.0424558
24	8	0.0542074
24	8.5	0.0547264
24	9	0.0436869
24	9.5	0.0275754
24	10	0.0137629
24	10.5	0.00543142
24	11	0.00169486
24	11.5	0.000418187
24	12	8.15875e-05
24	12.5	1.25862e-05
24	13	1.53525e-06
24	13.5	1.48075e-07
24	14	1.12928e-08
24	14.5	6.80982e-10
24	15	3.24704e-11
24	15.5	1.22421e-12
24	16	3.64955e-14
24	16.5	8.60281e-16
24	17	1.60346e-17
24	17.5	2.36315e-19
24	18	2.75386e-21
24	18.5	2.53751e-23
24	19	1.84881e-25
24	19.5	1.0651e-27
24	20	4.85184e-30
24.5	0	1.44598e-16
24.5	0.5	6.86651e-15
24.5	1	2.57827e-13
24.5	1.5	7.65484e-12
24.5	2	1.79705e-10
24.5	2.5	3.33581e-09
24.5	3	4.8962e-08
24.5	3.5	5.68241e-07
24.5	4	5.21462e-06
24.5	4.5	3.78381e-05
24.5	5	0.000217096
24.5	5.5	0.0009849
24.5	6	0.00353304
24.5	6.5	0.0100212
24.5	7	0.0224755
24.5	7.5	0.0398579
24.5	8	0.0558902
24.5	8.5	0.0619689
24.5	9	0.0543285
24.5	9.5	0.0376616
24.5	10	0.0206436
24.5	10.5	0.00894725
24.5	11	0.00306627
24.5	11.5	0.000830895
24.5	12	0.000178032
24.5	12.5	3.01626e-05
24.5	13	4.04068e-06
24.5	13.5	4.28012e-07
24.5	14	3.58488e-08
24.5	14.5	2.37416e-09
24.5	15	1.24326e-10
24.5	15.5	5.14789e-12
24.5	16	1.68544e-13
24.5	16.5	4.36329e-15
24.5	17	8.93163e-17
24.5	17.5	1.44565e-18
24.5	18	1.85018e-20
24.5	18.5	1.87232e-22
24.5	19	1.49818e-24
24.5	19.5	9.47899e-27
24.5	20	4.74218e-29
25	0	3.0623e-17
25	0.5	1.59706e-15
25	1	6.58588e-14
25	1.5	2.14744e-12
25	2	5.53664e-11
25	2.5	1.12872e-09
25	3	1.81947e-08
25	3.5	2.31909e-07
25	4	2.33726e-06
25	4.5	1.86258e-05
25	5	0.000117364
25	5.5	0.000584758
25	6	0.00230373
25	6.5	0.00717635
25	7	0.0176763
25	7.5	0.0344268
25	8	0.0530174
25	8.5	0.0645589
25	9	0.0621599
25	9.5	0.0473239
25	10	0.0284884
25	10.5	0.0135604
25	11	0.00510377
25	11.5	0.00151889
25	12	0.000357421
25	12.5	6.65041e-05
25	13	9.7844e-06
25	13.5	1.13825e-06
25	14	1.04702e-07
25	14.5	7.61534e-09
25	15	4.37966e-10
25	15.5	1.99163e-11
25	16	7.1613e-13
25	16.5	2.03607e-14
25	17	4.5773e-16
25	17.5	8.13659e-18
25	18	1.14365e-19
25	18.5	1.27104e-21
25	19	1.11697e-23
25	19.5	7.76139e-26
25	20	4.26437e-28
25.5	0	5.96677e-18
25.5	0.5	3.41754e-16
25.5	1	1.54777e-14
25.5	1.5	5.54259e-13
25.5	2	1.56941e-11
25.5	2.5	3.5138e-10
25.5	3	6.22063e-09
25.5	3.5	8.70778e-08
25.5	4	9.63823e-07
25.5	4.5	8.43536e-06
25.5	5	5.83749e-05
25.5	5.5	0.000319422
25.5	6	0.00138204
25.5	6.5	0.00472816
25.5	7	0.0127903
25.5	7.5	0.027358
25.5	8	0.0462707
25.5	8.5	0.061879
25.5	9	0.0654331
25.5	9.5	0.0547101
25.5	10	0.0361705
25.5	10.5	0.0189085
25.5	11	0.00781587
25.5	11.5	0.00255454
25.5	12	0.000660185
25.5	12.5	0.000134907
25.5	13	2.17982e-05
25.5	13.5	2.78498e-06
25.5	14	2.81345e-07
25.5	14.5	2.24737e-08
25.5	15	1.41947e-09
25.5	15.5	7.08912e-11
25.5	16	2.79947e-12
25.5	16.5	8.7413e-14
25.5	17	2.15821e-15
25.5	17.5	4.21333e-17
25.5	18	6.50392e-19
25.5	18.5	7.93855e-21
25.5	19	7.66167e-23
25.5	19.5	5.84685e-25
25.5	20	3.52807e-27
26	0	1.06964e-18
26	0.5	6.72838e-17
26	1	3.34658e-15
26	1.5	1.31616e-13
26	2	4.09292e-12
26	2.5	1.00641e-10
26	3	1.95673e-09
26	3.5	3.00817e-08
26	4	3.65673e-07
26	4.5	3.51478e-06
26	5	2.67129e-05
26	5.5	0.000160531
26	6	0.000762807
26	6.5	0.00286607
26	7	0.0085148
26	7.5	0.0200022
26	8	0.0371535
26	8.5	0.0545678
26	9	0.063371
26	9.5	0.0581916
26	10	0.042252
26	10.5	0.0242577
26	11	0.0110121
26	11.5	0.0039528
26	12	0.00112191
26	12.5	0.000251783
26	13	4.46798e-05
26	13.5	6.2692e-06
26	14	6.95553e-07
26	14.5	6.10189e-08
26	15	4.23268e-09
26	15.5	2.32157e-10
26	16	1.00685e-11
26	16.5	3.45275e-13
26	17	9.36229e-15
26	17.5	2.00731e-16
26	18	3.40301e-18
26	18.5	4.56173e-20
26	19	4.83517e-22
26	19.5	4.05238e-24
26	20	2.6855e-26
26.5	0	1.76416e-19
26.5	0.5	1.21875e-17
26.5	1	6.65738e-16
26.5	1.5	2.87548e-14
26.5	2	9.82052e-13
26.5	2.5	2.65201e-11
26.5	3	5.6628e-10
26.5	3.5	9.56101e-09
26.5	4	1.27642e-07
26.5	4.5	1.34741e-06
26.5	5	1.12466e-05
26.5	5.5	7.42266e-05
26.5	6	0.00038736
26.5	6.5	0.0015984
26.5	7	0.00521523
26.5	7.5	0.0134548
26.5	8	0.0274472
26.5	8.5	0.0442726
26.5	9	0.0564662
26.5	9.5	0.0569454
26.5	10	0.0454093
26.5	10.5	0.0286317
26.5	11	0.0142747
26.5	11.5	0.00562733
26.5	12	0.0017541
26.5	12.5	0.000432337
26.5	13	8.42572e-05
26.5	13.5	1.2984e-05
26.5	14	1.58207e-06
26.5	14.5	1.52426e-07
26.5	15	1.16121e-08
26.5	15.5	6.99483e-10
26.5	16	3.33166e-11
26.5	16.5	1.25476e-12
26.5	17	3.7366e-14
26.5	17.5	8.79851e-16
26.5	18	1.63817e-17
26.5	18.5	2.4117e-19
26.5	19	2.8074e-21
26.5	19.5	2.58406e-23
26.5	20	1.88069e-25
27	0	2.67699e-20
27	0.5	2.03105e-18
27	1	1.21846e-16
27	1.5	5.77987e-15
27	2	2.16791e-13
27	2.5	6.42956e-12
27	3	1.50778e-10
27	3.5	2.79583e-09
27	4	4.0992e-08
27	4.5	4.75231e-07
27	5	4.35639e-06
27	5.5	3.15765e-05
27	6	0.000180975
27	6.5	0.000820145
27	7	0.00293885
27	7.5	0.00832687
27	8	0.0186553
27	8.5	0.0330475
27	9	0.0462905
27	9.5	0.0512698
27	10	0.0449002
27	10.5	0.0310921
27	11	0.0170243
27	11.5	0.00737063
27	12	0.00252323
27	12.5	0.000683006
27	13	0.000146187
27	13.5	2.47406e-05
27	14	3.31076e-06
27	14.5	3.50317e-07
27	15	2.93097e-08
27	15.5	1.939e-09
27	16	1.01429e-10
27	16.5	4.19527e-12
27	17	1.37207e-13
27	17.5	3.5482e-15
27	18	7.25533e-17
27	18.5	1.17307e-18
27	19	1.4997e-20
27	19.5	1.51601e-22
27	20	1.21176e-24
27.5	0	3.73731e-21
27.5	0.5	3.11411e-19
27.5	1	2.05175e-17
27.5	1.5	1.06888e-15
27.5	2	4.40305e-14
27.5	2.5	1.43415e-12
27.5	3	3.69359e-11
27.5	3.5	7.5218e-10
27.5	4	1.21118e-08
27.5	4.5	1.54211e-07
27.5	5	1.55252e-06
27.5	5.5	1.23588e-05
27.5	6	7.77911e-05
27.5	6.5	0.000387169
27.5	7	0.00152366
27.5	7.5	0.00474124
27.5	8	0.0116657
27.5	8.5	0.022696
27.5	9	0.0349141
27.5	9.5	0.0424689
27.5	10	0.0408467
27.5	10.5	0.0310641
27.5	11	0.01868
27.5	11.5	0.00888203
27.5	12	0.00333937
27.5	12.5	0.000992732
27.5	13	0.000233354
27.5	13.5	4.33727e-05
27.5	14	6.37432e-06
27.5	14.5	7.40743e-07
27.5	15	6.8064e-08
27.5	15.5	4.9452e-09
27.5	16	2.84097e-10
27.5	16.5	1.29052e-11
27.5	17	4.63534e-13
27.5	17.5	1.31648e-14
27.5	18	2.95639e-16
27.5	18.5	5.24961e-18
27.5	19	7.37069e-20
27.5	19.5	8.18288e-22
27.5	20	7.18324e-24
28	0	4.80041e-22
28	0.5	4.39291e-20
28	1	3.17865e-18
28	1.5	1.81865e-16
28	2	8.22757e-15
28	2.5	2.94314e-13
28	3	8.32466e-12
28	3.5	1.86182e-10
28	4	3.29251e-09
28	4.5	4.60397e-08
28	5	5.09042e-07
28	5.5	4.45032e-06
28	6	3.07642e-05
28	6.5	0.000168158
28	7	0.000726781
28	7.5	0.00248374
28	8	0.00671161
28	8.5	0.0143405
28	9	0.0242279
28	9.5	0.0323657
28	10	0.0341878
28	10.5	0.0285544
28	11	0.0188578
28	11.5	0.00984749
28	12	0.00406609
28	12.5	0.00132753
28	13	0.000342712
28	13.5	6.99567e-05
28	14	1.12914e-05
28	14.5	1.44105e-06
28	15	1.45422e-07
28	15.5	1.16037e-08
28	16	7.32113e-10
28	16.5	3.65239e-11
28	17	1.44076e-12
28	17.5	4.49391e-14
28	18	1.10834e-15
28	18.5	2.16141e-17
28	19	3.33287e-19
28	19.5	4.06364e-21
28	20	3.91768e-23
28.5	0	5.67286e-23
28.5	0.5	5.70133e-21
28.5	1	4.5307e-19
28.5	1.5	2.8469e-17
28.5	2	1.41447e-15
28.5	2.5	5.55691e-14
28.5	3	1.72619e-12
28.5	3.5	4.23995e-11
28.5	4	8.23473e-10
28.5	4.5	1.2646e-08
28.5	5	1.53559e-07
28.5	5.5	1.47439e-06
28.5	6	1.11935e-05
28.5	6.5	6.71951e-05
28.5	7	0.000318951
28.5	7.5	0.00119709
28.5	8	0.00355261
28.5	8.5	0.00833649
28.5	9	0.0154681
28.5	9.5	0.0226937
28.5	10	0.0263263
28.5	10.5	0.0241486
28.5	11	0.017515
28.5	11.5	0.0100449
28.5	12	0.00455507
28.5	12.5	0.00163329
28.5	13	0.00046307
28.5	13.5	0.000103812
28.5	14	1.84019e-05
28.5	14.5	2.57927e-06
28.5	15	2.85855e-07
28.5	15.5	2.50503e-08
28.5	16	1.73578e-09
28.5	16.5	9.51028e-11
28.5	17	4.12011e-12
28.5	17.5	1.41137e-13
28.5	18	3.82286e-15
28.5	18.5	8.18752e-17
28.5	19	1.38654e-18
28.5	19.5	1.85665e-20
28.5	20	1.96582e-22
29	0	6.16782e-24
29	0.5	6.80777e-22
29	1	5.94148e-20
29	1.5	4.10016e-18
29	2	2.23729e-16
29	2.5	9.65299e-15
29	3	3.29319e-13
29	3.5	8.8836e-12
29	4	1.89486e-10
29	4.5	3.19581e-09
29	5	4.26189e-08
29	5.5	4.49407e-07
29	6	3.74709e-06
29	6.5	2.47038e-05
29	7	0.000128781
29	7.5	0.000530827
29	8	0.00173011
29	8.5	0.0044587
29	9	0.00908575
29	9.5	0.0146396
29	10	0.0186515
29	10.5	0.0187895
29	11	0.014967
29	11.5	0.00942689
29	12	0.00469482
29	12.5	0.00184879
29	13	0.000575665
29	13.5	0.000141733
29	14	2.75922e-05
29	14.5	4.24736e-06
29	15	5.16974e-07
29	15.5	4.97547e-08
29	16	3.78631e-09
29	16.5	2.27832e-10
29	17	1.084e-11
29	17.5	4.07813e-13
29	18	1.21313e-14
29	18.5	2.85347e-16
29	19	5.30706e-18
29	19.5	7.8046e-20
29	20	9.07537e-22
29.5	0	6.16974e-25
29.5	0.5	7.47893e-23
29.5	1	7.16851e-21
29.5	1.5	5.43294e-19
29.5	2	3.25579e-17
29.5	2.5	1.54275e-15
29.5	3	5.7803e-14
29.5	3.5	1.71247e-12
29.5	4	4.01153e-11
29.5	4.5	7.43044e-10
29.5	5	1.08827e-08
29.5	5.5	1.26029e-07
29.5	6	1.15405e-06
29.5	6.5	8.35594e-06
29.5	7	4.7839e-05
29.5	7.5	0.000216563
29.5	8	0.000775182
29.5	8.5	0.00219401
29.5	9	0.00491011
29.5	9.5	0.0086888
29.5	10	0.0121575
29.5	10.5	0.0134507
29.5	11	0.0117669
29.5	11.5	0.0081395
29.5	12	0.00445193
29.5	12.5	0.00192538
29.5	13	0.000658414
29.5	13.5	0.000178032
29.5	14	3.8064e-05
29.5	14.5	6.43498e-06
29.5	15	8.60194e-07
29.5	15.5	9.09205e-08
29.5	16	7.59878e-09
29.5	16.5	5.0216e-10
29.5	17	2.62396e-11
29.5	17.5	1.08415e-12
29.5	18	3.54189e-14
29.5	18.5	9.14954e-16
29.5	19	1.86887e-17
29.5	19.5	3.0184e-19
29.5	20	3.85469e-21
30	0	5.67815e-26
30	0.5	7.55927e-24
30	1	7.95736e-22
30	1.5	6.6233e-20
30	2	4.3591e-18
30	2.5	2.26848e-16
30	3	9.33447e-15
30	3.5	3.03711e-13
30	4	7.81355e-12
30	4.5	1.58947e-10
30	5	2.55666e-09
30	5.5	3.25169e-08
30	6	3.27012e-07
30	6.5	2.60036e-06
30	7	1.635e-05
30	7.5	8.12871e-05
30	8	0.000319551
30	8.5	0.000993289
30	9	0.00244134
30	9.5	0.00474456
30	10	0.00729089
30	10.5	0.00885893
30	11	0.00851136
30	11.5	0.00646596
30	12	0.00388403
30	12.5	0.0018448
30	13	0.00069284
30	13.5	0.000205747
30	14	4.83113e-05
30	14.5	8.96976e-06
30	15	1.31683e-06
30	15.5	1.5286e-07
30	16	1.40306e-08
30	16.5	1.0183e-09
30	17	5.84371e-11
30	17.5	2.65167e-12
30	18	9.51409e-14
30	18.5	2.69917e-15
30	19	6.05496e-17
30	19.5	1.07401e-18
30	20	1.50633e-20
30.5	0	4.80787e-27
30.5	0.5	7.02951e-25
30.5	1	8.1267e-23
30.5	1.5	7.42881e-21
30.5	2	5.36959e-19
30.5	2.5	3.06888e-17
30.5	3	1.38686e-15
30.5	3.5	4.9557e-14
30.5	4	1.40021e-12
30.5	4.5	3.12821e-11
30.5	5	5.52607e-10
30.5	5.5	7.71885e-09
30.5	6	8.52523e-08
30.5	6.5	7.44518e-07
30.5	7	5.14116e-06
30.5	7.5	2.80714e-05
30.5	8	0.000121194
30.5	8.5	0.00041373
30.5	9	0.00111678
30.5	9.5	0.00238362
30.5	10	0.00402273
30.5	10.5	0.00536812
30.5	11	0.00566421
30.5	11.5	0.00472578
30.5	12	0.00311762
30.5	12.5	0.00162626
30.5	13	0.000670768
30.5	13.5	0.000218762
30.5	14	5.64141e-05
30.5	14.5	1.15032e-05
30.5	15	1.85468e-06
30.5	15.5	2.36447e-07
30.5	16	2.3835e-08
30.5	16.5	1.89982e-09
30.5	17	1.19737e-10
30.5	17.5	5.96702e-12
30.5	18	2.35128e-13
30.5	18.5	7.32602e-15
30.5	19	1.80488e-16
30.5	19.5	3.51596e-18
30.5	20	5.41573e-20
31	0	3.74545e-28
31	0.5	6.01417e-26
31	1	7.63598e-24
31	1.5	7.66602e-22
31	2	6.08543e-20
31	2.5	3.8197e-18
31	3	1.89576e-16
31	3.5	7.43968e-15
31	4	2.30856e-13
31	4.5	5.66428e-12
31	5	1.09892e-10
31	5.5	1.68578e-09
31	6	2.04482e-08
31	6.5	1.96121e-07
31	7	1.48734e-06
31	7.5	8.9189e-06
31	8	4.22892e-05
31	8.5	0.000158549
31	9	0.000470019
31	9.5	0.00110175
31	10	0.00204206
31	10.5	0.00299274
31	11	0.00346805
31	11.5	0.00317774
31	12	0.00230234
31	12.5	0.00131897
31	13	0.000597472
31	13.5	0.000214001
31	14	6.06083e-05
31	14.5	1.35726e-05
31	15	2.40332e-06
31	15.5	3.36494e-07
31	16	3.72527e-08
31	16.5	3.26104e-09
31	17	2.2572e-10
31	17.5	1.23538e-11
31	18	5.34622e-13
31	18.5	1.82941e-14
31	19	4.94983e-16
31	19.5	1.05898e-17
31	20	1.79142e-19
31.5	0	2.68448e-29
31.5	0.5	4.73404e-27
31.5	1	6.60117e-25
31.5	1.5	7.27822e-23
31.5	2	6.34522e-21
31.5	2.5	4.37406e-19
31.5	3	2.38418e-17
31.5	3.5	1.02756e-15
31.5	4	3.50184e-14
31.5	4.5	9.43625e-13
31.5	5	2.01057e-11
31.5	5.5	3.38731e-10
31.5	6	4.5124e-09
31.5	6.5	4.7531e-08
31.5	7	3.95879e-07
31.5	7.5	2.60714e-06
31.5	8	1.35763e-05
31.5	8.5	5.59007e-05
31.5	9	0.000181999
31.5	9.5	0.000468528
31.5	10	0.000953717
31.5	10.5	0.00153504
31.5	11	0.0019536
31.5	11.5	0.00196594
31.5	12	0.0015643
31.5	12.5	0.000984205
31.5	13	0.00048963
31.5	13.5	0.000192605
31.5	14	5.99076e-05
31.5	14.5	1.47338e-05
31.5	15	2.86524e-06
31.5	15.5	4.40581e-07
31.5	16	5.35682e-08
31.5	16.5	5.14997e-09
31.5	17	3.91488e-10
31.5	17.5	2.35314e-11
31.5	18	1.11839e-12
31.5	18.5	4.20299e-14
31.5	19	1.24893e-15
31.5	19.5	2.93449e-17
31.5	20	5.45187e-19
32	0	1.7702e-30
32	0.5	3.42842e-28
32	1	5.25027e-26
32	1.5	6.3575e-24
32	2	6.08706e-22
32	2.5	4.60835e-20
32	3	2.75866e-18
32	3.5	1.30578e-16
32	4	4.88715e-15
32	4.5	1.4463e-13
32	5	3.38438e-12
32	5.5	6.26202e-11
32	6	9.1615e-10
32	6.5	1.05983e-08
32	7	9.6944e-08
32	7.5	7.01168e-07
32	8	4.00996e-06
32	8.5	1.81332e-05
32	9	6.48374e-05
32	9.5	0.000183313
32	10	0.000409804
32	10.5	0.000724397
32	11	0.0010125
32	11.5	0.00111899
32	12	0.000977858
32	12.5	0.00067568
32	13	0.000369168
32	13.5	0.000159486
32	14	5.448e-05
32	14.5	1.47153e-05
32	15	3.1428e-06
32	15.5	5.30739e-07
32	16	7.08698e-08
32	16.5	7.4827e-09
32	17	6.24701e-10
32	17.5	4.12384e-11
32	18	2.15253e-12
32	18.5	8.88405e-14
32	19	2.89928e-15
32	19.5	7.48145e-17
32	20	1.5265e-18
32.5	0	1.07396e-31
32.5	0.5	2.28434e-29
32.5	1	3.84192e-27
32.5	1.5	5.1092e-25
32.5	2	5.37247e-23
32.5	2.5	4.46695e-21
32.5	3	2.93673e-19
32.5	3.5	1.52663e-17
32.5	4	6.27511e-16
32.5	4.5	2.0395e-14
32.5	5	5.24135e-13
32.5	5.5	1.06507e-11
32.5	6	1.71132e-10
32.5	6.5	2.1742e-09
32.5	7	2.18416e-08
32.5	7.5	1.73495e-07
32.5	8	1.08969e-06
32.5	8.5	5.41175e-06
32.5	9	2.12515e-05
32.5	9.5	6.59866e-05
32.5	10	0.000162009
32.5	10.5	0.000314513
32.5	11	0.000482787
32.5	11.5	0.000585987
32.5	12	0.00056239
32.5	12.5	0.000426779
32.5	13	0.000256085
32.5	13.5	0.000121502
32.5	14	4.55825e-05
32.5	14.5	1.35216e-05
32.5	15	3.17159e-06
32.5	15.5	5.88221e-07
32.5	16	8.62623e-08
32.5	16.5	1.00027e-08
32.5	17	9.17131e-10
32.5	17.5	6.64907e-11
32.5	18	3.8116e-12
32.5	18.5	1.72771e-13
32.5	19	6.19225e-15
32.5	19.5	1.75487e-16
32.5	20	3.93238e-18
33	0	5.99462e-33
33	0.5	1.40034e-30
33	1	2.58655e-28
33	1.5	3.77768e-26
33	2	4.3626e-24
33	2.5	3.98366e-22
33	3	2.87631e-20
33	3.5	1.64212e-18
33	4	7.41297e-17
33	4.5	2.64603e-15
33	5	7.46816e-14
33	5.5	1.66667e-12
33	6	2.94104e-11
33	6.5	4.10364e-10
33	7	4.52745e-09
33	7.5	3.94962e-08
33	8	2.72441e-07
33	8.5	1.48596e-06
33	9	6.40851e-06
33	9.5	2.18536e-05
33	10	5.8926e-05
33	10.5	0.000125634
33	11	0.000211798
33	11.5	0.000282329
33	12	0.00029758
33	12.5	0.00024801
33	13	0.000163437
33	13.5	8.51627e-05
33	14	3.50884e-05
33	14.5	1.14313e-05
33	15	2.94471e-06
33	15.5	5.998e-07
33	16	9.66021e-08
33	16.5	1.23022e-08
33	17	1.23879e-09
33	17.5	9.86337e-11
33	18	6.20971e-12
33	18.5	3.09125e-13
33	19	1.21678e-14
33	19.5	3.78711e-16
33	20	9.32007e-18
33.5	0	3.07851e-34
33.5	0.5	7.89789e-32
33.5	1	1.60213e-29
33.5	1.5	2.56982e-27
33.5	2	3.25929e-25
33.5	2.5	3.26858e-23
33.5	3	2.59187e-21
33.5	3.5	1.62511e-19
33.5	4	8.0569e-18
33.5	4.5	3.15843e-16
33.5	5	9.79015e-15
33.5	5.5	2.39952e-13
33.5	6	4.65025e-12
33.5	6.5	7.12598e-11
33.5	7	8.63433e-10
33.5	7.5	8.27237e-09
33.5	8	6.26682e-08
33.5	8.5	3.75388e-07
33.5	9	1.778e-06
33.5	9.5	6.65882e-06
33.5	10	1.97188e-05
33.5	10.5	4.61721e-05
33.5	11	8.54861e-05
33.5	11.5	0.000125149
33.5	12	0.000144869
33.5	12.5	0.000132599
33.5	13	9.59673e-05
33.5	13.5	5.49188e-05
33.5	14	2.48505e-05
33.5	14.5	8.89132e-06
33.5	15	2.51544e-06
33.5	15.5	5.627e-07
33.5	16	9.95307e-08
33.5	16.5	1.39205e-08
33.5	17	1.53945e-09
33.5	17.5	1.34616e-10
33.5	18	9.30767e-12
33.5	18.5	5.08866e-13
33.5	19	2.19979e-14
33.5	19.5	7.51928e-16
33.5	20	2.0323e-17
34	0	1.45453e-35
34	0.5	4.09821e-33
34	1	9.13022e-31
34	1.5	1.60837e-28
34	2	2.2403e-26
34	2.5	2.46741e-24
34	3	2.14879e-22
34	3.5	1.47967e-20
34	4	8.05656e-19
34	4.5	3.46858e-17
34	5	1.18078e-15
34	5.5	3.17838e-14
34	6	6.76483e-13
34	6.5	1.13848e-11
34	7	1.51499e-10
34	7.5	1.59408e-09
34	8	1.32625e-08
34	8.5	8.7249e-08
34	9	4.53848e-07
34	9.5	1.86671e-06
34	10	6.07099e-06
34	10.5	1.5612e-05
34	11	3.17449e-05
34	11.5	5.10395e-05
34	12	6.48865e-05
34	12.5	6.52258e-05
34	13	5.18442e-05
34	13.5	3.25835e-05
34	14	1.61924e-05
34	14.5	6.36272e-06
34	15	1.97692e-06
34	15.5	4.85683e-07
34	16	9.4348e-08
34	16.5	1.4492e-08
34	17	1.76012e-09
34	17.5	1.69033e-10
34	18	1.28356e-11
34	18.5	7.70687e-13
34	19	3.65895e-14
34	19.5	1.37357e-15
34	20	4.0772e-17
34.5	0	6.32284e-37
34.5	0.5	1.95651e-34
34.5	1	4.78707e-32
34.5	1.5	9.26133e-30
34.5	2	1.41675e-27
34.5	2.5	1.71368e-25
34.5	3	1.63901e-23
34.5	3.5	1.23951e-21
34.5	4	7.41202e-20
34.5	4.5	3.5046e-18
34.5	5	1.31026e-16
34.5	5.5	3.87339e-15
34.5	6	9.05405e-14
34.5	6.5	1.67344e-12
34.5	7	2.44565e-11
34.5	7.5	2.82615e-10
34.5	8	2.58233e-09
34.5	8.5	1.86571e-08
34.5	9	1.06585e-07
34.5	9.5	4.81461e-07
34.5	10	1.71966e-06
34.5	10.5	4.85671e-06
34.5	11	1.08457e-05
34.5	11.5	1.91509e-05
34.5	12	2.67385e-05
34.5	12.5	2.9519e-05
34.5	13	2.57682e-05
34.5	13.5	1.77861e-05
34.5	14	9.70721e-06
34.5	14.5	4.18914e-06
34.5	15	1.42946e-06
34.5	15.5	3.85687e-07
34.5	16	8.22838e-08
34.5	16.5	1.38807e-08
34.5	17	1.85149e-09
34.5	17.5	1.95277e-10
34.5	18	1.62853e-11
34.5	18.5	1.07389e-12
34.5	19	5.59933e-14
34.5	19.5	2.3085e-15
34.5	20	7.5256e-17
35	0	2.52875e-38
35	0.5	8.59363e-36
35	1	2.30921e-33
35	1.5	4.90644e-31
35	2	8.24302e-29
35	2.5	1.09502e-26
35	3	1.1502e-24
35	3.5	9.55309e-23
35	4	6.27378e-21
35	4.5	3.25785e-19
35	5	1.33767e-17
35	5.5	4.34294e-16
35	6	1.1149e-14
35	6.5	2.26309e-13
35	7	3.63233e-12
35	7.5	4.60984e-11
35	8	4.62596e-10
35	8.5	3.67059e-09
35	9	2.30295e-08
35	9.5	1.14249e-07
35	10	4.4816e-07
35	10.5	1.39005e-06
35	11	3.40916e-06
35	11.5	6.61117e-06
35	12	1.01374e-05
35	12.5	1.22911e-05
35	13	1.17834e-05
35	13.5	8.93241e-06
35	14	5.35405e-06
35	14.5	2.53754e-06
35	15	9.50952e-07
35	15.5	2.81787e-07
35	16	6.60239e-08
35	16.5	1.2232e-08
35	17	1.79188e-09
35	17.5	2.07557e-10
35	18	1.901e-11
35	18.5	1.37671e-12
35	19	7.88354e-14
35	19.5	3.56957e-15
35	20	1.27799e-16
35.5	0	9.30478e-40
35.5	0.5	3.47277e-37
35.5	1	1.02486e-34
35.5	1.5	2.39147e-32
35.5	2	4.4125e-30
35.5	2.5	6.43755e-28
35.5	3	7.42631e-26
35.5	3.5	6.77395e-24
35.5	4	4.8857e-22
35.5	4.5	2.7863e-20
35.5	5	1.25645e-18
35.5	5.5	4.48002e-17
35.5	6	1.26308e-15
35.5	6.5	2.81578e-14
35.5	7	4.96343e-13
35.5	7.5	6.91802e-12
35.5	8	7.62427e-11
35.5	8.5	6.64402e-10
35.5	9	4.57805e-09
35.5	9.5	2.49428e-08
35.5	10	1.07455e-07
35.5	10.5	3.66038e-07
35.5	11	9.85919e-07
35.5	11.5	2.09977e-06
35.5	12	3.53607e-06
35.5	12.5	4.70852e-06
35.5	13	4.95753e-06
35.5	13.5	4.12726e-06
35.5	14	2.71691e-06
35.5	14.5	1.41418e-06
35.5	15	5.82038e-07
35.5	15.5	1.89415e-07
35.5	16	4.87408e-08
35.5	16.5	9.91719e-09
35.5	17	1.59551e-09
35.5	17.5	2.02969e-10
35.5	18	2.04161e-11
35.5	18.5	1.62381e-12
35.5	19	1.0212e-13
35.5	19.5	5.07816e-15
35.5	20	1.99672e-16
36	0	3.15e-41
36	0.5	1.29116e-38
36	1	4.18473e-36
36	1.5	1.07243e-33
36	2	2.17315e-31
36	2.5	3.48197e-29
36	3	4.4114e-27
36	3.5	4.41921e-25
36	4	3.5005e-23
36	4.5	2.19246e-21
36	5	1.0858e-19
36	5.5	4.2519e-18
36	6	1.31654e-16
36	6.5	3.2233e-15
36	7	6.23999e-14
36	7.5	9.55176e-13
36	8	1.15611e-11
36	8.5	1.10645e-10
36	9	8.373e-10
36	9.5	5.0101e-09
36	10	2.37044e-08
36	10.5	8.86802e-08
36	11	2.62326e-07
36	11.5	6.13581e-07
36	12	1.1348e-06
36	12.5	1.65952e-06
36	13	1.91895e-06
36	13.5	1.75453e-06
36	14	1.26845e-06
36	14.5	7.25109e-07
36	15	3.27755e-07
36	15.5	1.17142e-07
36	16	3.31048e-08
36	16.5	7.39751e-09
36	17	1.30707e-09
36	17.5	1.8261e-10
36	18	2.0173e-11
36	18.5	1.7621e-12
36	19	1.21705e-13
36	19.5	6.64664e-15
36	20	2.8702e-16
36.5	0	9.81119e-43
36.5	0.5	4.41663e-40
36.5	1	1.57209e-37
36.5	1.5	4.42466e-35
36.5	2	9.84688e-33
36.5	2.5	1.73274e-30
36.5	3	2.41094e-28
36.5	3.5	2.65249e-26
36.5	4	2.30748e-24
36.5	4.5	1.58723e-22
36.5	5	8.6329e-21
36.5	5.5	3.71271e-19
36.5	6	1.26253e-17
36.5	6.5	3.39475e-16
36.5	7	7.21757e-15
36.5	7.5	1.21336e-13
36.5	8	1.6129e-12
36.5	8.5	1.69527e-11
36.5	9	1.40892e-10
36.5	9.5	9.25875e-10
36.5	10	4.81098e-09
36.5	10.5	1.97666e-08
36.5	11	6.42165e-08
36.5	11.5	1.64959e-07
36.5	12	3.35061e-07
36.5	12.5	5.38131e-07
36.5	13	6.83389e-07
36.5	13.5	6.86222e-07
36.5	14	5.44851e-07
36.5	14.5	3.42064e-07
36.5	15	1.69806e-07
36.5	15.5	6.66523e-08
36.5	16	2.06868e-08
36.5	16.5	5.07678e-09
36.5	17	9.85144e-10
36.5	17.5	1.51157e-10
36.5	18	1.83388e-11
36.5	18.5	1.75927e-12
36.5	19	1.33447e-13
36.5	19.5	8.00393e-15
36.5	20	3.79589e-16
37	0	2.8115e-44
37	0.5	1.38997e-41
37	1	5.43366e-39
37	1.5	1.67956e-36
37	2	4.105e-34
37	2.5	7.9332e-32
37	3	1.21227e-29
37	3.5	1.46477e-27
37	4	1.39943e-25
37	4.5	1.05719e-23
37	5	6.31496e-22
37	5.5	2.98266e-20
37	6	1.11392e-18
37	6.5	3.28943e-17
37	7	7.68074e-16
37	7.5	1.41809e-14
37	8	2.07023e-13
37	8.5	2.38974e-12
37	9	2.18122e-11
37	9.5	1.57421e-10
37	10	8.98349e-10
37	10.5	4.05362e-09
37	11	1.4463e-08
37	11.5	4.08026e-08
37	12	9.10195e-08
37	12.5	1.60545e-07
37	13	2.23912e-07
37	13.5	2.4693e-07
37	14	2.15321e-07
37	14.5	1.48462e-07
37	15	8.09397e-08
37	15.5	3.48918e-08
37	16	1.18933e-08
37	16.5	3.20551e-09
37	17	6.83137e-10
37	17.5	1.15116e-10
37	18	1.53384e-11
37	18.5	1.61599e-12
37	19	1.34622e-13
37	19.5	8.86768e-15
37	20	4.6187e-16
37.5	0	7.4124e-46
37.5	0.5	4.02465e-43
37.5	1	1.72788e-40
37.5	1.5	5.86564e-38
37.5	2	1.57447e-35
37.5	2.5	3.34171e-33
37.5	3	5.60815e-31
37.5	3.5	7.44197e-29
37.5	4	7.80857e-27
37.5	4.5	6.47847e-25
37.5	5	4.25e-23
37.5	5.5	2.20456e-21
37.5	6	9.04216e-20
37.5	6.5	2.9325e-18
37.5	7	7.52006e-17
37.5	7.5	1.52483e-15
37.5	8	2.44476e-14
37.5	8.5	3.09933e-13
37.5	9	3.10682e-12
37.5	9.5	2.46252e-11
37.5	10	1.54334e-10
37.5	10.5	7.6482e-10
37.5	11	2.99691e-09
37.5	11.5	9.28546e-09
37.5	12	2.27484e-08
37.5	12.5	4.4067e-08
37.5	13	6.74983e-08
37.5	13.5	8.17502e-08
37.5	14	7.82891e-08
37.5	14.5	5.9283e-08
37.5	15	3.54957e-08
37.5	15.5	1.6805e-08
37.5	16	6.29094e-09
37.5	16.5	1.86213e-09
37.5	17	4.35834e-10
37.5	17.5	8.06582e-11
37.5	18	1.1803e-11
37.5	18.5	1.36569e-12
37.5	19	1.24948e-13
37.5	19.5	9.03903e-15
37.5	20	5.17049e-16
38	0	1.79798e-47
38	0.5	1.07215e-44
38	1	5.05521e-42
38	1.5	1.8847e-39
38	2	5.55597e-37
38	2.5	1.29507e-34
38	3	2.38696e-32
38	3.5	3.47867e-30
38	4	4.00863e-28
38	4.5	3.65256e-26
38	5	2.63156e-24
38	5.5	1.49916e-22
38	6	6.75299e-21
38	6.5	2.40526e-19
38	7	6.77399e-18
38	7.5	1.50849e-16
38	8	2.65619e-15
38	8.5	3.6982e-14
38	9	4.07135e-13
38	9.5	3.54407e-12
38	10	2.4394e-11
38	10.5	1.32764e-10
38	11	5.7134e-10
38	11.5	1.94413e-09
38	12	5.23084e-09
38	12.5	1.11284e-08
38	13	1.87203e-08
38	13.5	2.49006e-08
38	14	2.61892e-08
38	14.5	2.17796e-08
38	15	1.43217e-08
38	15.5	7.44658e-09
38	16	3.0615e-09
38	16.5	9.95242e-10
38	17	2.55823e-10
38	17.5	5.19956e-11
38	18	8.35623e-12
38	18.5	1.06187e-12
38	19	1.06696e-13
38	19.5	8.47695e-15
38	20	5.32536e-16
38.5	0	4.01252e-49
38.5	0.5	2.62776e-46
38.5	1	1.36073e-43
38.5	1.5	5.57151e-41
38.5	2	1.80381e-38
38.5	2.5	4.61769e-36
38.5	3	9.34708e-34
38.5	3.5	1.49604e-31
38.5	4	1.89333e-29
38.5	4.5	1.89464e-27
38.5	5	1.49914e-25
38.5	5.5	9.37942e-24
38.5	6	4.64008e-22
38.5	6.5	1.81506e-20
38.5	7	5.61401e-19
38.5	7.5	1.373e-17
38.5	8	2.65514e-16
38.5	8.5	4.05993e-15
38.5	9	4.90869e-14
38.5	9.5	4.69278e-13
38.5	10	3.54741e-12
38.5	10.5	2.12035e-11
38.5	11	1.00212e-10
38.5	11.5	3.745e-10
38.5	12	1.10662e-09
38.5	12.5	2.58559e-09
38.5	13	4.77683e-09
38.5	13.5	6.97807e-09
38.5	14	8.06022e-09
38.5	14.5	7.36165e-09
38.5	15	5.31643e-09
38.5	15.5	3.03586e-09
38.5	16	1.37075e-09
38.5	16.5	4.89388e-10
38.5	17	1.38154e-10
38.5	17.5	3.08383e-11
38.5	18	5.44294e-12
38.5	18.5	7.59615e-13
38.5	19	8.38243e-14
38.5	19.5	7.31412e-15
38.5	20	5.04628e-16
39	0	8.23862e-51
39	0.5	5.92547e-48
39	1	3.36983e-45
39	1.5	1.51534e-42
39	2	5.38799e-40
39	2.5	1.51482e-37
39	3	3.36753e-35
39	3.5	5.91941e-33
39	4	8.22739e-31
39	4.5	9.04195e-29
39	5	7.85739e-27
39	5.5	5.39897e-25
39	6	2.93332e-23
39	6.5	1.26016e-21
39	7	4.28063e-20
39	7.5	1.14976e-18
39	8	2.44186e-17
39	8.5	4.10064e-16
39	9	5.44502e-15
39	9.5	5.71693e-14
39	10	4.74617e-13
39	10.5	3.11559e-12
39	11	1.61716e-11
39	11.5	6.63718e-11
39	12	2.15392e-10
39	12.5	5.52703e-10
39	13	1.12143e-09
39	13.5	1.79914e-09
39	14	2.28233e-09
39	14.5	2.28932e-09
39	15	1.81573e-09
39	15.5	1.13871e-09
39	16	5.64663e-10
39	16.5	2.21403e-10
39	17	6.86425e-11
39	17.5	1.68275e-11
39	18	3.26184e-12
39	18.5	4.99945e-13
39	19	6.05896e-14
39	19.5	5.80618e-15
39	20	4.39946e-16
39.5	0	1.55631e-52
39.5	0.5	1.22932e-49
39.5	1	7.67804e-47
39.5	1.5	3.79185e-44
39.5	2	1.48071e-41
39.5	2.5	4.57196e-39
39.5	3	1.11623e-36
39.5	3.5	2.15486e-34
39.5	4	3.2893e-32
39.5	4.5	3.97011e-30
39.5	5	3.78895e-28
39.5	5.5	2.85924e-26
39.5	6	1.70608e-24
39.5	6.5	8.04943e-23
39.5	7	3.00294e-21
39.5	7.5	8.85819e-20
39.5	8	2.06614e-18
39.5	8.5	3.81057e-17
39.5	9	5.55697e-16
39.5	9.5	6.40769e-15
39.5	10	5.84227e-14
39.5	10.5	4.2119e-13
39.5	11	2.401e-12
39.5	11.5	1.08223e-11
39.5	12	3.85715e-11
39.5	12.5	1.087e-10
39.5	13	2.42219e-10
39.5	13.5	4.26779e-10
39.5	14	5.94585e-10
39.5	14.5	6.55001e-10
39.5	15	5.7054e-10
39.5	15.5	3.92959e-10
39.5	16	2.14005e-10
39.5	16.5	9.21548e-11
39.5	17	3.13782e-11
39.5	17.5	8.44801e-12
39.5	18	1.79844e-12
39.5	18.5	3.02731e-13
39.5	19	4.02932e-14
39.5	19.5	4.24057e-15
39.5	20	3.52885e-16
40	0	2.70487e-54
40	0.5	2.34646e-51
40	1	1.60953e-48
40	1.5	8.72969e-46
40	2	3.74383e-43
40	2.5	1.26955e-40
40	3	3.40408e-38
40	3.5	7.21716e-36
40	4	1.2099e-33
40	4.5	1.60379e-31
40	5	1.68099e-29
40	5.5	1.39315e-27
40	6	9.12947e-26
40	6.5	4.73054e-24
40	7	1.93817e-22
40	7.5	6.27899e-21
40	8	1.60844e-19
40	8.5	3.25788e-18
40	9	5.21773e-17
40	9.5	6.60762e-16
40	10	6.61645e-15
40	10.5	5.23868e-14
40	11	3.2797e-13
40	11.5	1.62354e-12
40	12	6.35491e-12
40	12.5	1.96685e-11
40	13	4.81337e-11
40	13.5	9.31418e-11
40	14	1.42513e-10
40	14.5	1.72418e-10
40	15	1.64941e-10
40	15.5	1.24764e-10
40	16	7.46217e-11
40	16.5	3.52905e-11
40	17	1.31968e-11
40	17.5	3.90206e-12
40	18	9.12298e-13
40	18.5	1.68654e-13
40	19	2.46531e-14
40	19.5	2.84946e-15
40	20	2.60418e-16
