-20	-10	5.18158e-05
-20	-9.5	6.67989e-05
-20	-9	6.7066e-05
-20	-8.5	5.24399e-05
-20	-8	3.19336e-05
-20	-7.5	1.51447e-05
-20	-7	5.5937e-06
-20	-6.5	1.60903e-06
-20	-6	3.60459e-07
-20	-5.5	6.28889e-08
-20	-5	8.54512e-09
-20	-4.5	9.04251e-10
-20	-4	7.45222e-11
-20	-3.5	4.7831e-12
-20	-3	2.39089e-13
-20	-2.5	9.30755e-15
-20	-2	2.82188e-16
-20	-1.5	6.66295e-18
-20	-1	1.22524e-19
-20	-0.5	1.7547e-21
-20	0	1.95709e-23
-20	0.5	1.69999e-25
-20	1	1.15002e-27
-20	1.5	6.05891e-30
-20	2	2.48604e-32
-20	2.5	7.94416e-35
-20	3	1.97703e-37
-20	3.5	3.83184e-40
-20	4	5.78397e-43
-20	4.5	6.79941e-46
-20	5	6.22506e-49
-20	5.5	4.43855e-52
-20	6	2.46471e-55
-20	6.5	1.0659e-58
-20	7	3.59e-62
-20	7.5	9.41669e-66
-20	8	1.92366e-69
-20	8.5	3.06045e-73
-20	9	3.792e-77
-20	9.5	3.65912e-81
-20	10	2.74987e-85
-19.5	-10	6.52721e-05
-19.5	-9.5	9.29959e-05
-19.5	-9	0.000103187
-19.5	-8.5	8.91693e-05
-19.5	-8	6.0011e-05
-19.5	-7.5	3.14538e-05
-19.5	-7	1.28393e-05
-19.5	-6.5	4.08165e-06
-19.5	-6	1.01055e-06
-19.5	-5.5	1.94852e-07
-19.5	-5	2.92602e-08
-19.5	-4.5	3.42198e-09
-19.5	-4	3.11677e-10
-19.5	-3.5	2.21084e-11
-19.5	-3	1.22134e-12
-19.5	-2.5	5.25463e-14
-19.5	-2	1.76065e-15
-19.5	-1.5	4.59444e-17
-19.5	-1	9.33721e-19
-19.5	-0.5	1.47784e-20
-19.5	0	1.82165e-22
-19.5	0.5	1.74876e-24
-19.5	1	1.30743e-26
-19.5	1.5	7.61266e-29
-19.5	2	3.45207e-31
-19.5	2.5	1.21913e-33
-19.5	3	3.35309e-36
-19.5	3.5	7.18236e-39
-19.5	4	1.19816e-41
-19.5	4.5	1.55665e-44
-19.5	5	1.57504e-47
-19.5	5.5	1.24114e-50
-19.5	6	7.61682e-54
-19.5	6.5	3.64044e-57
-19.5	7	1.35507e-60
-19.5	7.5	3.9282e-64
-19.5	8	8.86857e-68
-19.5	8.5	1.55934e-71
-19.5	9	2.13527e-75
-19.5	9.5	2.27714e-79
-19.5	10	1.89128e-83
-19	-10	7.79525e-05
-19	-9.5	0.000122743
-19	-9	0.000150518
-19	-8.5	0.00014375
-19	-8	0.000106918
-19	-7.5	6.19331e-05
-19	-7	2.79396e-05
-19	-6.5	9.81622e-06
-19	-6	2.68593e-06
-19	-5.5	5.72363e-07
-19	-5	9.49893e-08
-19	-4.5	1.22773e-08
-19	-4	1.23583e-09
-19	-3.5	9.68818e-11
-19	-3	5.91495e-12
-19	-2.5	2.81246e-13
-19	-2	1.04147e-14
-19	-1.5	3.00355e-16
-19	-1	6.74605e-18
-19	-0.5	1.18002e-19
-19	0	1.60752e-21
-19	0.5	1.7055e-23
-19	1	1.40919e-25
-19	1.5	9.0681e-28
-19	2	4.54453e-30
-19	2.5	1.77373e-32
-19	3	5.39154e-35
-19	3.5	1.27633e-37
-19	4	2.35311e-40
-19	4.5	3.37868e-43
-19	5	3.77814e-46
-19	5.5	3.29029e-49
-19	6	2.23161e-52
-19	6.5	1.17877e-55
-19	7	4.84914e-59
-19	7.5	1.55356e-62
-19	8	3.87629e-66
-19	8.5	7.53237e-70
-19	9	1.13992e-73
-19	9.5	1.34351e-77
-19	10	1.23321e-81
-18.5	-10	8.82613e-05
-18.5	-9.5	0.000153591
-18.5	-9	0.000208155
-18.5	-8.5	0.000219702
-18.5	-8	0.000180596
-18.5	-7.5	0.000115614
-18.5	-7	5.76417e-05
-18.5	-6.5	2.23816e-05
-18.5	-6	6.76816e-06
-18.5	-5.5	1.59396e-06
-18.5	-5	2.92354e-07
-18.5	-4.5	4.17607e-08
-18.5	-4	4.64573e-09
-18.5	-3.5	4.025e-10
-18.5	-3	2.71584e-11
-18.5	-2.5	1.42714e-12
-18.5	-2	5.84062e-14
-18.5	-1.5	1.86156e-15
-18.5	-1	4.62083e-17
-18.5	-0.5	8.93285e-19
-18.5	0	1.34489e-20
-18.5	0.5	1.57692e-22
-18.5	1	1.43999e-24
-18.5	1.5	1.02408e-26
-18.5	2	5.67199e-29
-18.5	2.5	2.44661e-31
-18.5	3	8.219e-34
-18.5	3.5	2.1503e-36
-18.5	4	4.38134e-39
-18.5	4.5	6.9525e-42
-18.5	5	8.59214e-45
-18.5	5.5	8.26966e-48
-18.5	6	6.1987e-51
-18.5	6.5	3.6186e-54
-18.5	7	1.64515e-57
-18.5	7.5	5.82503e-61
-18.5	8	1.60626e-64
-18.5	8.5	3.44954e-68
-18.5	9	5.76943e-72
-18.5	9.5	7.51502e-76
-18.5	10	7.6235e-80
-18	-10	9.47432e-05
-18	-9.5	0.00018221
-18	-9	0.000272913
-18	-8.5	0.000318347
-18	-8	0.000289204
-18	-7.5	0.000204614
-18	-7	0.000112744
-18	-6.5	4.8381e-05
-18	-6	1.6169e-05
-18	-5.5	4.20842e-06
-18	-5	8.53064e-07
-18	-4.5	1.3467e-07
-18	-4	1.65571e-08
-18	-3.5	1.58535e-09
-18	-3	1.18221e-10
-18	-2.5	6.86574e-12
-18	-2	3.10533e-13
-18	-1.5	1.09384e-14
-18	-1	3.00074e-16
-18	-0.5	6.41102e-18
-18	0	1.06673e-19
-18	0.5	1.38231e-21
-18	1	1.39503e-23
-18	1.5	1.09645e-25
-18	2	6.71151e-28
-18	2.5	3.19947e-30
-18	3	1.18785e-32
-18	3.5	3.43457e-35
-18	4	7.7341e-38
-18	4.5	1.35635e-40
-18	5	1.85252e-43
-18	5.5	1.97051e-46
-18	6	1.63238e-49
-18	6.5	1.05315e-52
-18	7	5.29157e-56
-18	7.5	2.07065e-59
-18	8	6.31036e-63
-18	8.5	1.49771e-66
-18	9	2.7684e-70
-18	9.5	3.98526e-74
-18	10	4.46797e-78
-17.5	-10	9.64192e-05
-17.5	-9.5	0.000204936
-17.5	-9	0.000339233
-17.5	-8.5	0.000437325
-17.5	-8	0.000439074
-17.5	-7.5	0.000343319
-17.5	-7	0.000209066
-17.5	-6.5	9.91508e-05
-17.5	-6	3.66214e-05
-17.5	-5.5	1.05342e-05
-17.5	-5	2.35989e-06
-17.5	-4.5	4.11727e-07
-17.5	-4	5.5944e-08
-17.5	-3.5	5.92003e-09
-17.5	-3	4.87889e-10
-17.5	-2.5	3.13144e-11
-17.5	-2	1.56529e-12
-17.5	-1.5	6.09355e-14
-17.5	-1	1.84745e-15
-17.5	-0.5	4.36217e-17
-17.5	0	8.02153e-19
-17.5	0.5	1.14879e-20
-17.5	1	1.28129e-22
-17.5	1.5	1.11297e-24
-17.5	2	7.52909e-27
-17.5	2.5	3.9667e-29
-17.5	3	1.62758e-31
-17.5	3.5	5.20096e-34
-17.5	4	1.29434e-36
-17.5	4.5	2.50866e-39
-17.5	5	3.7867e-42
-17.5	5.5	4.45151e-45
-17.5	6	4.07548e-48
-17.5	6.5	2.90588e-51
-17.5	7	1.61362e-54
-17.5	7.5	6.97835e-58
-17.5	8	2.35034e-61
-17.5	8.5	6.16501e-65
-17.5	9	1.2594e-68
-17.5	9.5	2.00364e-72
-17.5	10	2.48258e-76
-17	-10	9.30286e-05
-17	-9.5	0.000218524
-17	-9	0.00039977
-17	-8.5	0.000569569
-17	-8	0.000631988
-17	-7.5	0.000546132
-17	-7	0.000367547
-17	-6.5	0.000192644
-17	-6	7.86364e-05
-17	-5.5	2.49987e-05
-17	-5	6.18926e-06
-17	-4.5	1.1934e-06
-17	-4	1.79209e-07
-17	-3.5	2.09585e-08
-17	-3	1.90891e-09
-17	-2.5	1.35406e-10
-17	-2	7.48029e-12
-17	-1.5	3.21828e-13
-17	-1	1.07834e-14
-17	-0.5	2.81394e-16
-17	0	5.71873e-18
-17	0.5	9.05129e-20
-17	1	1.1157e-21
-17	1.5	1.07106e-23
-17	2	8.0076e-26
-17	2.5	4.6625e-28
-17	3	2.11428e-30
-17	3.5	7.46675e-33
-17	4	2.05365e-35
-17	4.5	4.39895e-38
-17	5	7.33834e-41
-17	5.5	9.53395e-44
-17	6	9.6466e-47
-17	6.5	7.60154e-50
-17	7	4.66505e-53
-17	7.5	2.22965e-56
-17	8	8.29933e-60
-17	8.5	2.40589e-63
-17	9	5.4317e-67
-17	9.5	9.55041e-71
-17	10	1.30778e-74
-16.5	-10	8.50956e-05
-16.5	-9.5	0.000220912
-16.5	-9	0.000446642
-16.5	-8.5	0.000703275
-16.5	-8	0.000862417
-16.5	-7.5	0.000823637
-16.5	-7	0.000612605
-16.5	-6.5	0.000354856
-16.5	-6	0.000160085
-16.5	-5.5	5.62437e-05
-16.5	-5	1.53895e-05
-16.5	-4.5	3.27945e-06
-16.5	-4	5.44257e-07
-16.5	-3.5	7.03451e-08
-16.5	-3	7.08092e-09
-16.5	-2.5	5.55101e-10
-16.5	-2	3.38907e-11
-16.5	-1.5	1.61145e-12
-16.5	-1	5.96729e-14
-16.5	-0.5	1.72094e-15
-16.5	0	3.86526e-17
-16.5	0.5	6.76114e-19
-16.5	1	9.21057e-21
-16.5	1.5	9.77192e-23
-16.5	2	8.0742e-25
-16.5	2.5	5.19572e-27
-16.5	3	2.60386e-29
-16.5	3.5	1.01629e-31
-16.5	4	3.08917e-34
-16.5	4.5	7.31297e-37
-16.5	5	1.34825e-39
-16.5	5.5	1.93587e-42
-16.5	6	2.16475e-45
-16.5	6.5	1.88523e-48
-16.5	7	1.27864e-51
-16.5	7.5	6.75395e-55
-16.5	8	2.77839e-58
-16.5	8.5	8.90137e-62
-16.5	9	2.22099e-65
-16.5	9.5	4.3158e-69
-16.5	10	6.53135e-73
-16	-10	7.37964e-05
-16	-9.5	0.000211728
-16	-9	0.000473093
-16	-8.5	0.000823269
-16	-8	0.00111574
-16	-7.5	0.00117764
-16	-7	0.000968023
-16	-6.5	0.000619707
-16	-6	0.000308968
-16	-5.5	0.000119968
-16	-5	3.62783e-05
-16	-4.5	8.54384e-06
-16	-4	1.56706e-06
-16	-3.5	2.23844e-07
-16	-3	2.49018e-08
-16	-2.5	2.15746e-09
-16	-2	1.45573e-10
-16	-1.5	7.6497e-12
-16	-1	3.13066e-13
-16	-0.5	9.97821e-15
-16	0	2.47683e-16
-16	0.5	4.78813e-18
-16	1	7.2088e-20
-16	1.5	8.45251e-22
-16	2	7.71853e-24
-16	2.5	5.48922e-26
-16	3	3.04027e-28
-16	3.5	1.31142e-30
-16	4	4.4055e-33
-16	4.5	1.15259e-35
-16	5	2.34846e-38
-16	5.5	3.72664e-41
-16	6	4.60551e-44
-16	6.5	4.43266e-47
-16	7	3.32259e-50
-16	7.5	1.93962e-53
-16	8	8.81825e-57
-16	8.5	3.1223e-60
-16	9	8.6098e-64
-16	9.5	1.849e-67
-16	10	3.0925e-71
-15.5	-10	6.06738e-05
-15.5	-9.5	0.000192386
-15.5	-9	0.000475085
-15.5	-8.5	0.000913684
-15.5	-8	0.00136851
-15.5	-7.5	0.00159634
-15.5	-7	0.0014502
-15.5	-6.5	0.00102603
-15.5	-6	0.000565347
-15.5	-5.5	0.000242604
-15.5	-5	8.10788e-05
-15.5	-4.5	2.11029e-05
-15.5	-4	4.27765e-06
-15.5	-3.5	6.75295e-07
-15.5	-3	8.30249e-08
-15.5	-2.5	7.94968e-09
-15.5	-2	5.92812e-10
-15.5	-1.5	3.44279e-11
-15.5	-1	1.55715e-12
-15.5	-0.5	5.48502e-14
-15.5	0	1.5047e-15
-15.5	0.5	3.21478e-17
-15.5	1	5.34905e-19
-15.5	1.5	6.93153e-21
-15.5	2	6.99532e-23
-15.5	2.5	5.4981e-25
-15.5	3	3.36546e-27
-15.5	3.5	1.60436e-29
-15.5	4	5.95643e-32
-15.5	4.5	1.72225e-34
-15.5	5	3.87823e-37
-15.5	5.5	6.80137e-40
-15.5	6	9.28937e-43
-15.5	6.5	9.88103e-46
-15.5	7	8.18549e-49
-15.5	7.5	5.28097e-52
-15.5	8	2.65344e-55
-15.5	8.5	1.03832e-58
-15.5	9	3.1643e-62
-15.5	9.5	7.51021e-66
-15.5	10	1.3882e-69
-15	-10	4.72939e-05
-15	-9.5	0.000165732
-15	-9	0.000452308
-15	-8.5	0.000961364
-15	-8	0.00159136
-15	-7.5	0.00205152
-15	-7	0.00205972
-15	-6.5	0.00161053
-15	-6	0.000980741
-15	-5.5	0.000465122
-15	-5	0.000171793
-15	-4.5	4.94163e-05
-15	-4	1.10704e-05
-15	-3.5	1.93143e-06
-15	-3	2.62436e-07
-15	-2.5	2.77712e-08
-15	-2	2.28872e-09
-15	-1.5	1.46898e-10
-15	-1	7.34286e-12
-15	-0.5	2.85852e-13
-15	0	8.6665e-15
-15	0.5	2.04632e-16
-15	1	3.76295e-18
-15	1.5	5.38902e-20
-15	2	6.0106e-22
-15	2.5	5.22098e-24
-15	3	3.53194e-26
-15	3.5	1.8608e-28
-15	4	7.63508e-31
-15	4.5	2.4398e-33
-15	5	6.07184e-36
-15	5.5	1.17683e-38
-15	6	1.77636e-41
-15	6.5	2.08823e-44
-15	7	1.91183e-47
-15	7.5	1.36316e-50
-15	8	7.56959e-54
-15	8.5	3.27358e-57
-15	9	1.10256e-60
-15	9.5	2.89204e-64
-15	10	5.90792e-68
-14.5	-10	3.49499e-05
-14.5	-9.5	0.000135356
-14.5	-9	0.000408257
-14.5	-8.5	0.000958998
-14.5	-8	0.0017544
-14.5	-7.5	0.00249956
-14.5	-7	0.00277349
-14.5	-6.5	0.00239671
-14.5	-6	0.00161299
-14.5	-5.5	0.000845421
-14.5	-5	0.000345097
-14.5	-4.5	0.000109707
-14.5	-4	2.71617e-05
-14.5	-3.5	5.23726e-06
-14.5	-3	7.86462e-07
-14.5	-2.5	9.19767e-08
-14.5	-2	8.3773e-09
-14.5	-1.5	5.94233e-10
-14.5	-1	3.28274e-11
-14.5	-0.5	1.41235e-12
-14.5	0	4.73232e-14
-14.5	0.5	1.2349e-15
-14.5	1	2.50967e-17
-14.5	1.5	3.97217e-19
-14.5	2	4.89627e-21
-14.5	2.5	4.70034e-23
-14.5	3	3.51415e-25
-14.5	3.5	2.04615e-27
-14.5	4	9.27854e-30
-14.5	4.5	3.27679e-32
-14.5	5	9.01249e-35
-14.5	5.5	1.93049e-37
-14.5	6	3.22044e-40
-14.5	6.5	4.18399e-43
-14.5	7	4.23342e-46
-14.5	7.5	3.33595e-49
-14.5	8	2.04726e-52
-14.5	8.5	9.78484e-56
-14.5	9	3.64217e-59
-14.5	9.5	1.05583e-62
-14.5	10	2.38371e-66
-14	-10	2.44864e-05
-14	-9.5	0.000104806
-14	-9	0.000349359
-14	-8.5	0.000906953
-14	-8	0.00183368
-14	-7.5	0.00288729
-14	-7	0.00354064
-14	-6.5	0.00338143
-14	-6	0.00251504
-14	-5.5	0.00145686
-14	-5	0.000657225
-14	-4.5	0.000230908
-14	-4	6.31813e-05
-14	-3.5	1.34637e-05
-14	-3	2.23444e-06
-14	-2.5	2.88801e-07
-14	-2	2.90706e-08
-14	-1.5	2.27896e-09
-14	-1	1.39138e-10
-14	-0.5	6.61577e-12
-14	0	2.44986e-13
-14	0.5	7.06528e-15
-14	1	1.58688e-16
-14	1.5	2.77578e-18
-14	2	3.78139e-20
-14	2.5	4.01185e-22
-14	3	3.31485e-24
-14	3.5	2.1331e-26
-14	4	1.06901e-28
-14	4.5	4.17236e-31
-14	5	1.26826e-33
-14	5.5	3.00233e-36
-14	6	5.53524e-39
-14	6.5	7.94769e-42
-14	7	8.88734e-45
-14	7.5	7.73979e-48
-14	8	5.24943e-51
-14	8.5	2.77282e-54
-14	9	1.14067e-57
-14	9.5	3.65444e-61
-14	10	9.11822e-65
-13.5	-10	1.62645e-05
-13.5	-9.5	7.69362e-05
-13.5	-9	0.000283431
-13.5	-8.5	0.000813185
-13.5	-8	0.00181701
-13.5	-7.5	0.00316194
-13.5	-7	0.00428524
-13.5	-6.5	0.00452296
-13.5	-6	0.0037179
-13.5	-5.5	0.00238012
-13.5	-5	0.00118666
-13.5	-4.5	0.000460764
-13.5	-4	0.000139334
-13.5	-3.5	3.28144e-05
-13.5	-3	6.01863e-06
-13.5	-2.5	8.59719e-07
-13.5	-2	9.56405e-08
-13.5	-1.5	8.28616e-09
-13.5	-1	5.59103e-10
-13.5	-0.5	2.93803e-11
-13.5	0	1.20239e-12
-13.5	0.5	3.83234e-14
-13.5	1	9.51279e-16
-13.5	1.5	1.83898e-17
-13.5	2	2.76869e-19
-13.5	2.5	3.24636e-21
-13.5	3	2.96447e-23
-13.5	3.5	2.10825e-25
-13.5	4	1.16768e-27
-13.5	4.5	5.03677e-30
-13.5	5	1.69203e-32
-13.5	5.5	4.42678e-35
-13.5	6	9.01977e-38
-13.5	6.5	1.4313e-40
-13.5	7	1.76884e-43
-13.5	7.5	1.70246e-46
-13.5	8	1.27611e-49
-13.5	8.5	7.44952e-53
-13.5	9	3.38684e-56
-13.5	9.5	1.19918e-59
-13.5	10	3.30678e-63
-13	-10	1.02422e-05
-13	-9.5	5.35445e-05
-13	-9	0.000218002
-13	-8.5	0.000691245
-13	-8	0.00170699
-13	-7.5	0.00328288
-13	-7	0.00491706
-13	-6.5	0.00573566
-13	-6	0.00521059
-13	-5.5	0.00368653
-13	-5	0.0020313
-13	-4.5	0.000871679
-13	-4	0.000291317
-13	-3.5	7.58231e-05
-13	-3	1.53696e-05
-13	-2.5	2.42634e-06
-13	-2	2.98309e-07
-13	-1.5	2.85633e-08
-13	-1	2.12998e-09
-13	-0.5	1.237e-10
-13	0	5.59487e-12
-13	0.5	1.97077e-13
-13	1	5.40642e-15
-13	1.5	1.15507e-16
-13	2	1.92192e-18
-13	2.5	2.49051e-20
-13	3	2.51343e-22
-13	3.5	1.97547e-24
-13	4	1.20921e-26
-13	4.5	5.76448e-29
-13	5	2.14015e-31
-13	5.5	6.18807e-34
-13	6	1.39345e-36
-13	6.5	2.44374e-39
-13	7	3.33768e-42
-13	7.5	3.55027e-45
-13	8	2.94106e-48
-13	8.5	1.89746e-51
-13	9	9.53383e-55
-13	9.5	3.73069e-58
-13	10	1.13694e-61
-12.5	-10	6.11487e-06
-12.5	-9.5	3.53293e-05
-12.5	-9	0.000158968
-12.5	-8.5	0.000557073
-12.5	-8	0.00152034
-12.5	-7.5	0.00323142
-12.5	-7	0.00534902
-12.5	-6.5	0.00689574
-12.5	-6	0.00692332
-12.5	-5.5	0.00541345
-12.5	-5	0.00329655
-12.5	-4.5	0.00156341
-12.5	-4	0.000577446
-12.5	-3.5	0.000166103
-12.5	-3	3.72107e-05
-12.5	-2.5	6.49211e-06
-12.5	-2	8.82124e-07
-12.5	-1.5	9.3347e-08
-12.5	-1	7.69303e-09
-12.5	-0.5	4.93766e-10
-12.5	0	2.46815e-11
-12.5	0.5	9.60831e-13
-12.5	1	2.91306e-14
-12.5	1.5	6.87826e-16
-12.5	2	1.26483e-17
-12.5	2.5	1.8114e-19
-12.5	3	2.02034e-21
-12.5	3.5	1.75492e-23
-12.5	4	1.18719e-25
-12.5	4.5	6.25469e-28
-12.5	5	2.56637e-30
-12.5	5.5	8.20086e-33
-12.5	6	2.04092e-35
-12.5	6.5	3.95566e-38
-12.5	7	5.97087e-41
-12.5	7.5	7.01913e-44
-12.5	8	6.42621e-47
-12.5	8.5	4.58198e-50
-12.5	9	2.54436e-53
-12.5	9.5	1.10035e-56
-12.5	10	3.70601e-60
-12	-10	3.46112e-06
-12	-9.5	2.21001e-05
-12	-9	0.0001099
-12	-8.5	0.000425627
-12	-8	0.00128377
-12	-7.5	0.00301558
-12	-7	0.00551671
-12	-6.5	0.00785989
-12	-6	0.00872126
-12	-5.5	0.00753648
-12	-5	0.00507205
-12	-4.5	0.00265843
-12	-4	0.00108516
-12	-3.5	0.000344976
-12	-3	8.54101e-05
-12	-2.5	1.64686e-05
-12	-2	2.47304e-06
-12	-1.5	2.89221e-07
-12	-1	2.63425e-08
-12	-0.5	1.86857e-09
-12	0	1.03226e-10
-12	0.5	4.44114e-12
-12	1	1.48808e-13
-12	1.5	3.88316e-15
-12	2	7.89169e-17
-12	2.5	1.24905e-18
-12	3	1.53964e-20
-12	3.5	1.47803e-22
-12	4	1.10503e-24
-12	4.5	6.43412e-27
-12	5	2.91764e-29
-12	5.5	1.03039e-31
-12	6	2.83398e-34
-12	6.5	6.07043e-37
-12	7	1.01267e-39
-12	7.5	1.31566e-42
-12	8	1.3312e-45
-12	8.5	1.04899e-48
-12	9	6.43763e-52
-12	9.5	3.07685e-55
-12	10	1.14528e-58
-11.5	-10	1.85731e-06
-11.5	-9.5	1.31066e-05
-11.5	-9	7.20319e-05
-11.5	-8.5	0.000308308
-11.5	-8	0.00102771
-11.5	-7.5	0.00266799
-11.5	-7	0.00539416
-11.5	-6.5	0.00849356
-11.5	-6	0.0104155
-11.5	-5.5	0.00994719
-11.5	-5	0.00739853
-11.5	-4.5	0.00428565
-11.5	-4	0.00193337
-11.5	-3.5	0.000679263
-11.5	-3	0.000185861
-11.5	-2.5	3.96064e-05
-11.5	-2	6.57307e-06
-11.5	-1.5	8.49568e-07
-11.5	-1	8.55173e-08
-11.5	-0.5	6.70404e-09
-11.5	0	4.09303e-10
-11.5	0.5	1.94617e-11
-11.5	1	7.20678e-13
-11.5	1.5	2.0784e-14
-11.5	2	4.66814e-16
-11.5	2.5	8.16552e-18
-11.5	3	1.11237e-19
-11.5	3.5	1.18017e-21
-11.5	4	9.75134e-24
-11.5	4.5	6.27495e-26
-11.5	5	3.14473e-28
-11.5	5.5	1.22739e-30
-11.5	6	3.73084e-33
-11.5	6.5	8.83199e-36
-11.5	7	1.62831e-38
-11.5	7.5	2.33798e-41
-11.5	8	2.6144e-44
-11.5	8.5	2.27682e-47
-11.5	9	1.54423e-50
-11.5	9.5	8.15684e-54
-11.5	10	3.35551e-57
-11	-10	9.44904e-07
-11	-9.5	7.36928e-06
-11	-9	4.47598e-05
-11	-8.5	0.000211728
-11	-8	0.000779999
-11	-7.5	0.00223788
-11	-7	0.0050004
-11	-6.5	0.00870162
-11	-6	0.0117929
-11	-5.5	0.0124471
-11	-5	0.0102316
-11	-4.5	0.00655006
-11	-4	0.00326567
-11	-3.5	0.00126802
-11	-3	0.000383447
-11	-2.5	9.0305e-05
-11	-2	1.65632e-05
-11	-1.5	2.36594e-06
-11	-1	2.63202e-07
-11	-0.5	2.28034e-08
-11	0	1.53865e-09
-11	0.5	8.08543e-11
-11	1	3.30898e-12
-11	1.5	1.05466e-13
-11	2	2.61791e-15
-11	2.5	5.06087e-17
-11	3	7.61941e-19
-11	3.5	8.93396e-21
-11	4	8.15818e-23
-11	4.5	5.80188e-25
-11	5	3.21344e-27
-11	5.5	1.38611e-29
-11	6	4.65644e-32
-11	6.5	1.21825e-34
-11	7	2.48223e-37
-11	7.5	3.93891e-40
-11	8	4.86784e-43
-11	8.5	4.68514e-46
-11	9	3.51185e-49
-11	9.5	2.0501e-52
-11	10	9.32054e-56
-10.5	-10	4.55754e-07
-10.5	-9.5	3.92823e-06
-10.5	-9	2.63687e-05
-10.5	-8.5	0.000137851
-10.5	-8	0.000561247
-10.5	-7.5	0.00177961
-10.5	-7	0.00439465
-10.5	-6.5	0.00845179
-10.5	-6	0.012659
-10.5	-5.5	0.0147665
-10.5	-5	0.0134147
-10.5	-4.5	0.00949098
-10.5	-4	0.00522959
-10.5	-3.5	0.00224414
-10.5	-3	0.000749998
-10.5	-2.5	0.000195207
-10.5	-2	3.95692e-05
-10.5	-1.5	6.24663e-06
-10.5	-1	7.67999e-07
-10.5	-0.5	7.35364e-08
-10.5	0	5.48365e-09
-10.5	0.5	3.18466e-10
-10.5	1	1.4404e-11
-10.5	1.5	5.07377e-13
-10.5	2	1.39189e-14
-10.5	2.5	2.97374e-16
-10.5	3	4.94799e-18
-10.5	3.5	6.41182e-20
-10.5	4	6.47083e-22
-10.5	4.5	5.08587e-24
-10.5	5	3.11312e-26
-10.5	5.5	1.48407e-28
-10.5	6	5.50983e-31
-10.5	6.5	1.59312e-33
-10.5	7	3.58745e-36
-10.5	7.5	6.29142e-39
-10.5	8	8.59288e-42
-10.5	8.5	9.14018e-45
-10.5	9	7.57176e-48
-10.5	9.5	4.88501e-51
-10.5	10	2.45449e-54
-10	-10	2.08406e-07
-10	-9.5	1.98521e-06
-10	-9	1.47275e-05
-10	-8.5	8.50896e-05
-10	-8	0.00038287
-10	-7.5	0.00134169
-10	-7	0.00366168
-10	-6.5	0.00778278
-10	-6	0.0128829
-10	-5.5	0.0166082
-10	-5	0.0166746
-10	-4.5	0.0130381
-10	-4	0.00793964
-10	-3.5	0.00376542
-10	-3	0.00139076
-10	-2.5	0.000400053
-10	-2	8.96208e-05
-10	-1.5	1.5636e-05
-10	-1	2.12457e-06
-10	-0.5	2.24823e-07
-10	0	1.85284e-08
-10	0.5	1.18922e-09
-10	1	5.94445e-11
-10	1.5	2.31413e-12
-10	2	7.01601e-14
-10	2.5	1.65661e-15
-10	3	3.04631e-17
-10	3.5	4.36271e-19
-10	4	4.86591e-21
-10	4.5	4.22667e-23
-10	5	2.8593e-25
-10	5.5	1.50642e-27
-10	6	6.18102e-30
-10	6.5	1.97515e-32
-10	7	4.91549e-35
-10	7.5	9.52707e-38
-10	8	1.43807e-40
-10	8.5	1.69053e-43
-10	9	1.54773e-46
-10	9.5	1.10356e-49
-10	10	6.128e-53
-9.5	-10	9.03498e-08
-9.5	-9.5	9.51158e-07
-9.5	-9	7.79838e-06
-9.5	-8.5	4.97946e-05
-9.5	-8	0.000247621
-9.5	-7.5	0.000958998
-9.5	-7	0.00289251
-9.5	-6.5	0.00679451
-9.5	-6	0.0124299
-9.5	-5.5	0.0177094
-9.5	-5	0.0196502
-9.5	-4.5	0.0169807
-9.5	-4	0.011428
-9.5	-3.5	0.00598982
-9.5	-3	0.00244502
-9.5	-2.5	0.000777278
-9.5	-2	0.000192441
-9.5	-1.5	3.7106e-05
-9.5	-1	5.57209e-06
-9.5	-0.5	6.51656e-07
-9.5	0	5.93533e-08
-9.5	0.5	4.21015e-09
-9.5	1	2.32582e-10
-9.5	1.5	1.00065e-11
-9.5	2	3.35285e-13
-9.5	2.5	8.74929e-15
-9.5	3	1.77811e-16
-9.5	3.5	2.81429e-18
-9.5	4	3.46902e-20
-9.5	4.5	3.3302e-22
-9.5	5	2.48978e-24
-9.5	5.5	1.4497e-26
-9.5	6	6.57386e-29
-9.5	6.5	2.32161e-31
-9.5	7	6.38536e-34
-9.5	7.5	1.36775e-36
-9.5	8	2.28169e-39
-9.5	8.5	2.96436e-42
-9.5	9	2.99939e-45
-9.5	9.5	2.36352e-48
-9.5	10	1.45049e-51
-9	-10	3.71349e-08
-9	-9.5	4.32053e-07
-9	-9	3.91488e-06
-9	-8.5	2.76265e-05
-9	-8	0.000151831
-9	-7.5	0.00064986
-9	-7	0.00216624
-9	-6.5	0.00562367
-9	-6	0.01137
-9	-5.5	0.017903
-9	-5	0.0219542
-9	-4.5	0.020967
-9	-4	0.0155948
-9	-3.5	0.0090334
-9	-3	0.0040752
-9	-2.5	0.00143177
-9	-2	0.000391763
-9	-1.5	8.34834e-05
-9	-1	1.38549e-05
-9	-0.5	1.79074e-06
-9	0	1.80256e-07
-9	0.5	1.41309e-08
-9	1	8.6274e-10
-9	1.5	4.10218e-11
-9	2	1.51907e-12
-9	2.5	4.38091e-14
-9	3	9.83962e-16
-9	3.5	1.72115e-17
-9	4	2.34469e-19
-9	4.5	2.48759e-21
-9	5	2.05541e-23
-9	5.5	1.32265e-25
-9	6	6.62854e-28
-9	6.5	2.58712e-30
-9	7	7.86397e-33
-9	7.5	1.86163e-35
-9	8	3.43219e-38
-9	8.5	4.92806e-41
-9	9	5.5107e-44
-9	9.5	4.79914e-47
-9	10	3.25497e-50
-8.5	-10	1.44702e-08
-8.5	-9.5	1.86063e-07
-8.5	-9	1.86324e-06
-8.5	-8.5	1.45314e-05
-8.5	-8	8.82613e-05
-8.5	-7.5	0.000417503
-8.5	-7	0.00153807
-8.5	-6.5	0.00441284
-8.5	-6	0.00986023
-8.5	-5.5	0.0171586
-8.5	-5	0.0232543
-8.5	-4.5	0.0245444
-8.5	-4	0.0201756
-8.5	-3.5	0.012916
-8.5	-3	0.00643953
-8.5	-2.5	0.00250039
-8.5	-2	0.000756114
-8.5	-1.5	0.000178071
-8.5	-1	3.26608e-05
-8.5	-0.5	4.66536e-06
-8.5	0	5.19004e-07
-8.5	0.5	4.49658e-08
-8.5	1	3.03403e-09
-8.5	1.5	1.59436e-10
-8.5	2	6.52493e-12
-8.5	2.5	2.07966e-13
-8.5	3	5.16222e-15
-8.5	3.5	9.97946e-17
-8.5	4	1.50246e-18
-8.5	4.5	1.76168e-20
-8.5	5	1.6087e-22
-8.5	5.5	1.14407e-24
-8.5	6	6.33655e-27
-8.5	6.5	2.73326e-29
-8.5	7	9.18197e-32
-8.5	7.5	2.40224e-34
-8.5	8	4.89468e-37
-8.5	8.5	7.76709e-40
-8.5	9	9.59883e-43
-8.5	9.5	9.23857e-46
-8.5	10	6.92497e-49
-8	-10	5.34571e-09
-8	-9.5	7.5966e-08
-8	-9	8.40735e-07
-8	-8.5	7.24645e-06
-8	-8	4.86428e-05
-8	-7.5	0.000254295
-8	-7	0.00103534
-8	-6.5	0.00328288
-8	-6	0.00810687
-8	-5.5	0.0155911
-8	-5	0.0233523
-8	-4.5	0.0272399
-8	-4	0.0247463
-8	-3.5	0.0175081
-8	-3	0.0096471
-8	-2.5	0.0041398
-8	-2	0.00138353
-8	-1.5	0.000360101
-8	-1	7.29939e-05
-8	-0.5	1.15233e-05
-8	0	1.41674e-06
-8	0.5	1.35654e-07
-8	1	1.01158e-08
-8	1.5	5.87479e-10
-8	2	2.65713e-11
-8	2.5	9.35965e-13
-8	3	2.56763e-14
-8	3.5	5.4857e-16
-8	4	9.12763e-18
-8	4.5	1.1828e-19
-8	5	1.19368e-21
-8	5.5	9.38197e-24
-8	6	5.74282e-26
-8	6.5	2.73768e-28
-8	7	1.01641e-30
-8	7.5	2.93885e-33
-8	8	6.61782e-36
-8	8.5	1.16059e-38
-8	9	1.58514e-41
-8	9.5	1.6861e-44
-8	10	1.39677e-47
-7.5	-10	1.87229e-09
-7.5	-9.5	2.94047e-08
-7.5	-9	3.59655e-07
-7.5	-8.5	3.42596e-06
-7.5	-8	2.54158e-05
-7.5	-7.5	0.000146843
-7.5	-7	0.000660735
-7.5	-6.5	0.00231542
-7.5	-6	0.00631912
-7.5	-5.5	0.0134311
-7.5	-5	0.0222326
-7.5	-4.5	0.0286614
-7.5	-4	0.0287761
-7.5	-3.5	0.0225004
-7.5	-3	0.0137018
-7.5	-2.5	0.00649814
-7.5	-2	0.00240009
-7.5	-1.5	0.000690388
-7.5	-1	0.000154662
-7.5	-0.5	2.69838e-05
-7.5	0	3.66646e-06
-7.5	0.5	3.87987e-07
-7.5	1	3.19753e-08
-7.5	1.5	2.05229e-09
-7.5	2	1.02586e-10
-7.5	2.5	3.99359e-12
-7.5	3	1.21078e-13
-7.5	3.5	2.85888e-15
-7.5	4	5.25715e-17
-7.5	4.5	7.52892e-19
-7.5	5	8.39732e-21
-7.5	5.5	7.29415e-23
-7.5	6	4.93442e-25
-7.5	6.5	2.5997e-27
-7.5	7	1.06669e-29
-7.5	7.5	3.4086e-32
-7.5	8	8.48287e-35
-7.5	8.5	1.64413e-37
-7.5	9	2.48173e-40
-7.5	9.5	2.91743e-43
-7.5	10	2.67099e-46
-7	-10	6.21698e-10
-7	-9.5	1.07908e-08
-7	-9	1.45865e-07
-7	-8.5	1.53559e-06
-7	-8	1.259e-05
-7	-7.5	8.03906e-05
-7	-7	0.00039977
-7	-6.5	0.00154825
-7	-6	0.0046698
-7	-5.5	0.0109694
-7	-5	0.0200674
-7	-4.5	0.0285909
-7	-4	0.0317242
-7	-3.5	0.0274144
-7	-3	0.0184499
-7	-2.5	0.00967023
-7	-2	0.00394734
-7	-1.5	0.00125487
-7	-1	0.000310685
-7	-0.5	5.99056e-05
-7	0	8.99583e-06
-7	0.5	1.05206e-06
-7	1	9.58226e-08
-7	1.5	6.79706e-09
-7	2	3.75492e-10
-7	2.5	1.6155e-11
-7	3	5.413e-13
-7	3.5	1.41252e-14
-7	4	2.87065e-16
-7	4.5	4.54352e-18
-7	5	5.60054e-20
-7	5.5	5.37642e-22
-7	6	4.01961e-24
-7	6.5	2.34046e-26
-7	7	1.06131e-28
-7	7.5	3.74811e-31
-7	8	1.03088e-33
-7	8.5	2.20816e-36
-7	9	3.68366e-39
-7	9.5	4.7858e-42
-7	10	4.84234e-45
-6.5	-10	1.95714e-10
-6.5	-9.5	3.75426e-09
-6.5	-9	5.60858e-08
-6.5	-8.5	6.5254e-07
-6.5	-8	5.91274e-06
-6.5	-7.5	4.1725e-05
-6.5	-7	0.000229314
-6.5	-6.5	0.000981499
-6.5	-6	0.00327172
-6.5	-5.5	0.00849356
-6.5	-5	0.0171723
-6.5	-4.5	0.0270393
-6.5	-4	0.0331579
-6.5	-3.5	0.0316669
-6.5	-3	0.0235532
-6.5	-2.5	0.0136434
-6.5	-2	0.00615487
-6.5	-1.5	0.00216244
-6.5	-1	0.000591689
-6.5	-0.5	0.000126087
-6.5	0	2.09254e-05
-6.5	0.5	2.7046e-06
-6.5	1	2.72244e-07
-6.5	1.5	2.13423e-08
-6.5	2	1.30302e-09
-6.5	2.5	6.19563e-11
-6.5	3	2.29428e-12
-6.5	3.5	6.61659e-14
-6.5	4	1.4861e-15
-6.5	4.5	2.5995e-17
-6.5	5	3.54125e-19
-6.5	5.5	3.75707e-21
-6.5	6	3.10434e-23
-6.5	6.5	1.99763e-25
-6.5	7	1.00112e-27
-6.5	7.5	3.90739e-30
-6.5	8	1.18771e-32
-6.5	8.5	2.81166e-35
-6.5	9	5.18372e-38
-6.5	9.5	7.44296e-41
-6.5	10	8.32294e-44
-6	-10	5.84122e-11
-6	-9.5	1.23832e-09
-6	-9	2.04452e-08
-6	-8.5	2.62892e-07
-6	-8	2.63261e-06
-6	-7.5	2.05317e-05
-6	-7	0.000124706
-6	-6.5	0.000589898
-6	-6	0.00217317
-6	-5.5	0.00623499
-6	-5	0.0139317
-6	-4.5	0.0242437
-6	-4	0.0328565
-6	-3.5	0.0346792
-6	-3	0.0285065
-6	-2.5	0.0182492
-6	-2	0.00909853
-6	-1.5	0.00353285
-6	-1	0.00106833
-6	-0.5	0.0002516
-6	0	4.6147e-05
-6	0.5	6.59178e-06
-6	1	7.3331e-07
-6	1.5	6.3533e-08
-6	2	4.28684e-09
-6	2.5	2.25269e-10
-6	3	9.2192e-12
-6	3.5	2.9384e-13
-6	4	7.2938e-15
-6	4.5	1.41002e-16
-6	5	2.12286e-18
-6	5.5	2.48911e-20
-6	6	2.27296e-22
-6	6.5	1.61647e-24
-6	7	8.95303e-27
-6	7.5	3.86188e-29
-6	8	1.29734e-31
-6	8.5	3.39417e-34
-6	9	6.91578e-37
-6	9.5	1.09743e-39
-6	10	1.35624e-42
-5.5	-10	1.65281e-11
-5.5	-9.5	3.87242e-10
-5.5	-9	7.06594e-09
-5.5	-8.5	1.00411e-07
-5.5	-8	1.11128e-06
-5.5	-7.5	9.57833e-06
-5.5	-7	6.42958e-05
-5.5	-6.5	0.000336126
-5.5	-6	0.00136851
-5.5	-5.5	0.00433929
-5.5	-5	0.0107156
-5.5	-4.5	0.0206083
-5.5	-4	0.0308669
-5.5	-3.5	0.0360056
-5.5	-3	0.0327095
-5.5	-2.5	0.0231422
-5.5	-2	0.0127515
-5.5	-1.5	0.00547197
-5.5	-1	0.00182874
-5.5	-0.5	0.00047598
-5.5	0	9.6483e-05
-5.5	0.5	1.52314e-05
-5.5	1	1.87264e-06
-5.5	1.5	1.79306e-07
-5.5	2	1.3371e-08
-5.5	2.5	7.76528e-10
-5.5	3	3.51218e-11
-5.5	3.5	1.23715e-12
-5.5	4	3.39388e-14
-5.5	4.5	7.25098e-16
-5.5	5	1.20649e-17
-5.5	5.5	1.56342e-19
-5.5	6	1.5778e-21
-5.5	6.5	1.2401e-23
-5.5	7	7.59084e-26
-5.5	7.5	3.61866e-28
-5.5	8	1.34348e-30
-5.5	8.5	3.88456e-33
-5.5	9	8.7474e-36
-5.5	9.5	1.53406e-38
-5.5	10	2.09523e-41
-5	-10	4.43382e-12
-5	-9.5	1.14807e-10
-5	-9	2.31518e-09
-5	-8.5	3.63603e-08
-5	-8	4.44731e-07
-5	-7.5	4.23636e-06
-5	-7	3.14279e-05
-5	-6.5	0.000181578
-5	-6	0.000817032
-5	-5.5	0.00286312
-5	-5	0.0078139
-5	-4.5	0.0166082
-5	-4	0.0274918
-5	-3.5	0.0354413
-5	-3	0.035583
-5	-2.5	0.0278229
-5	-2	0.0169429
-5	-1.5	0.00803527
-5	-1	0.00296783
-5	-0.5	0.000853698
-5	0	0.000191248
-5	0.5	3.33667e-05
-5	1	4.53376e-06
-5	1.5	4.79765e-07
-5	2	3.9539e-08
-5	2.5	2.53775e-09
-5	3	1.26852e-10
-5	3.5	4.93827e-12
-5	4	1.49719e-13
-5	4.5	3.53514e-15
-5	5	6.50073e-17
-5	5.5	9.30987e-19
-5	6	1.03837e-20
-5	6.5	9.01958e-23
-5	7	6.10165e-25
-5	7.5	3.21465e-27
-5	8	1.31901e-29
-5	8.5	4.2149e-32
-5	9	1.04895e-34
-5	9.5	2.03304e-37
-5	10	3.06878e-40
-4.5	-10	1.12764e-12
-4.5	-9.5	3.22694e-11
-4.5	-9	7.1918e-10
-4.5	-8.5	1.24827e-08
-4.5	-8	1.68736e-07
-4.5	-7.5	1.77637e-06
-4.5	-7	1.45642e-05
-4.5	-6.5	9.29959e-05
-4.5	-6	0.000462454
-4.5	-5.5	0.00179101
-4.5	-5	0.00540202
-4.5	-4.5	0.0126894
-4.5	-4	0.023214
-4.5	-3.5	0.0330739
-4.5	-3	0.0366985
-4.5	-2.5	0.031713
-4.5	-2	0.0213429
-4.5	-1.5	0.0111865
-4.5	-1	0.00456629
-4.5	-0.5	0.00145164
-4.5	0	0.0003594
-4.5	0.5	6.92988e-05
-4.5	1	1.04064e-05
-4.5	1.5	1.21703e-06
-4.5	2	1.10848e-07
-4.5	2.5	7.86284e-09
-4.5	3	4.34369e-10
-4.5	3.5	1.86881e-11
-4.5	4	6.26175e-13
-4.5	4.5	1.63401e-14
-4.5	5	3.32077e-16
-4.5	5.5	5.25594e-18
-4.5	6	6.4787e-20
-4.5	6.5	6.21945e-22
-4.5	7	4.64988e-24
-4.5	7.5	2.70744e-26
-4.5	8	1.22773e-28
-4.5	8.5	4.33582e-31
-4.5	9	1.19252e-33
-4.5	9.5	2.5544e-36
-4.5	10	4.26126e-39
-4	-10	2.71896e-13
-4	-9.5	8.59908e-12
-4	-9	2.11801e-10
-4	-8.5	4.06284e-09
-4	-8	6.06957e-08
-4	-7.5	7.06176e-07
-4	-7	6.39873e-06
-4	-6.5	4.51545e-05
-4	-6	0.000248162
-4	-5.5	0.00106217
-4	-5	0.00354064
-4	-4.5	0.00919168
-4	-4	0.0185838
-4	-3.5	0.0292617
-4	-3	0.0358833
-4	-2.5	0.0342697
-4	-2	0.0254892
-4	-1.5	0.0147648
-4	-1	0.00666077
-4	-0.5	0.00234018
-4	0	0.000640323
-4	0.5	0.000136451
-4	1	2.26453e-05
-4	1.5	2.9269e-06
-4	2	2.94621e-07
-4	2.5	2.30965e-08
-4	3	1.41012e-09
-4	3.5	6.70487e-11
-4	4	2.48286e-12
-4	4.5	7.16044e-14
-4	5	1.60825e-15
-4	5.5	2.81316e-17
-4	6	3.83232e-19
-4	6.5	4.06588e-21
-4	7	3.3595e-23
-4	7.5	2.16183e-25
-4	8	1.08341e-27
-4	8.5	4.22856e-30
-4	9	1.28534e-32
-4	9.5	3.04277e-35
-4	10	5.60979e-38
-3.5	-10	6.21544e-14
-3.5	-9.5	2.17245e-12
-3.5	-9	5.91365e-11
-3.5	-8.5	1.25368e-09
-3.5	-8	2.06988e-08
-3.5	-7.5	2.66152e-07
-3.5	-7	2.66526e-06
-3.5	-6.5	2.07863e-05
-3.5	-6	0.000126252
-3.5	-5.5	0.000597213
-3.5	-5	0.00220012
-3.5	-4.5	0.0063123
-3.5	-4	0.0141045
-3.5	-3.5	0.0245444
-3.5	-3	0.0332639
-3.5	-2.5	0.0351092
-3.5	-2	0.02886
-3.5	-1.5	0.0184755
-3.5	-1	0.00921136
-3.5	-0.5	0.00357666
-3.5	0	0.00108158
-3.5	0.5	0.00025472
-3.5	1	4.67192e-05
-3.5	1.5	6.67352e-06
-3.5	2	7.42404e-07
-3.5	2.5	6.43209e-08
-3.5	3	4.34e-09
-3.5	3.5	2.28063e-10
-3.5	4	9.33352e-12
-3.5	4.5	2.97483e-13
-3.5	5	7.38425e-15
-3.5	5.5	1.4275e-16
-3.5	6	2.14918e-18
-3.5	6.5	2.51997e-20
-3.5	7	2.30115e-22
-3.5	7.5	1.63652e-24
-3.5	8	9.06405e-27
-3.5	8.5	3.90976e-29
-3.5	9	1.31343e-31
-3.5	9.5	3.43626e-34
-3.5	10	7.00154e-37
-3	-10	1.34703e-14
-3	-9.5	5.20339e-13
-3	-9	1.56538e-11
-3	-8.5	3.6676e-10
-3	-8	6.6922e-09
-3	-7.5	9.51005e-08
-3	-7	1.0525e-06
-3	-6.5	9.07171e-06
-3	-6	6.0895e-05
-3	-5.5	0.000318347
-3	-5	0.00129612
-3	-4.5	0.00410978
-3	-4	0.0101488
-3	-3.5	0.0195183
-3	-3	0.0292343
-3	-2.5	0.0341012
-3	-2	0.0309794
-3	-1.5	0.0219181
-3	-1	0.012077
-3	-0.5	0.00518255
-3	0	0.00173202
-3	0.5	0.000450804
-3	1	9.13798e-05
-3	1.5	1.44258e-05
-3	2	1.77359e-06
-3	2.5	1.69822e-07
-3	3	1.26638e-08
-3	3.5	7.35455e-10
-3	4	3.32642e-11
-3	4.5	1.17172e-12
-3	5	3.21437e-14
-3	5.5	6.86746e-16
-3	6	1.14267e-17
-3	6.5	1.48072e-19
-3	7	1.49435e-21
-3	7.5	1.17451e-23
-3	8	7.18934e-26
-3	8.5	3.42726e-28
-3	9	1.27242e-30
-3	9.5	3.6791e-33
-3	10	8.28473e-36
-2.5	-10	2.76772e-15
-2.5	-9.5	1.18157e-13
-2.5	-9	3.92848e-12
-2.5	-8.5	1.01722e-10
-2.5	-8	2.05131e-09
-2.5	-7.5	3.22162e-08
-2.5	-7	3.94043e-07
-2.5	-6.5	3.75353e-06
-2.5	-6	2.78459e-05
-2.5	-5.5	0.000160883
-2.5	-5	0.000723911
-2.5	-4.5	0.0025368
-2.5	-4	0.00692332
-2.5	-3.5	0.0147153
-2.5	-3	0.0243584
-2.5	-2.5	0.0314019
-2.5	-2	0.0315275
-2.5	-1.5	0.0246518
-2.5	-1	0.0150119
-2.5	-0.5	0.00711946
-2.5	0	0.00262958
-2.5	0.5	0.000756399
-2.5	1	0.00016945
-2.5	1.5	2.95638e-05
-2.5	2	4.01703e-06
-2.5	2.5	4.25084e-07
-2.5	3	3.50326e-08
-2.5	3.5	2.24851e-09
-2.5	4	1.12395e-10
-2.5	4.5	4.37544e-12
-2.5	5	1.32655e-13
-2.5	5.5	3.13223e-15
-2.5	6	5.75981e-17
-2.5	6.5	8.24879e-19
-2.5	7	9.20022e-21
-2.5	7.5	7.99158e-23
-2.5	8	5.40622e-25
-2.5	8.5	2.84827e-27
-2.5	9	1.16868e-29
-2.5	9.5	3.73451e-32
-2.5	10	9.29395e-35
-2	-10	5.39144e-16
-2	-9.5	2.54373e-14
-2	-9	9.34684e-13
-2	-8.5	2.67476e-11
-2	-8	5.96116e-10
-2	-7.5	1.03467e-08
-2	-7	1.39863e-07
-2	-6.5	1.47241e-06
-2	-6	1.2072e-05
-2	-5.5	7.70828e-05
-2	-5	0.00038332
-2	-4.5	0.00148454
-2	-4	0.00447764
-2	-3.5	0.010518
-2	-3	0.0192417
-2	-2.5	0.0274144
-2	-2	0.0304188
-2	-1.5	0.0262864
-2	-1	0.0176908
-2	-0.5	0.00927232
-2	0	0.00378492
-2	0.5	0.00120324
-2	1	0.000297901
-2	1.5	5.74407e-05
-2	2	8.62568e-06
-2	2.5	1.00877e-06
-2	3	9.18797e-08
-2	3.5	6.51737e-09
-2	4	3.60041e-10
-2	4.5	1.54902e-11
-2	5	5.19026e-13
-2	5.5	1.3544e-14
-2	6	2.75253e-16
-2	6.5	4.35656e-18
-2	7	5.37009e-20
-2	7.5	5.1552e-22
-2	8	3.85421e-24
-2	8.5	2.24415e-26
-2	9	1.01764e-28
-2	9.5	3.59389e-31
-2	10	9.88463e-34
-1.5	-10	9.9569e-17
-1.5	-9.5	5.19183e-15
-1.5	-9	2.10835e-13
-1.5	-8.5	6.66795e-12
-1.5	-8	1.64236e-10
-1.5	-7.5	3.15043e-09
-1.5	-7	4.7065e-08
-1.5	-6.5	5.47587e-07
-1.5	-6	4.96174e-06
-1.5	-5.5	3.5014e-05
-1.5	-5	0.000192431
-1.5	-4.5	0.000823637
-1.5	-4	0.00274551
-1.5	-3.5	0.00712747
-1.5	-3	0.0144104
-1.5	-2.5	0.0226903
-1.5	-2	0.0278248
-1.5	-1.5	0.0265737
-1.5	-1	0.019765
-1.5	-0.5	0.011449
-1.5	0	0.00516494
-1.5	0.5	0.00181463
-1.5	1	0.000496523
-1.5	1.5	0.000105807
-1.5	2	1.75598e-05
-1.5	2.5	2.2696e-06
-1.5	3	2.28457e-07
-1.5	3.5	1.79097e-08
-1.5	4	1.09344e-09
-1.5	4.5	5.19913e-11
-1.5	5	1.92527e-12
-1.5	5.5	5.55239e-14
-1.5	6	1.24708e-15
-1.5	6.5	2.1814e-17
-1.5	7	2.97168e-19
-1.5	7.5	3.15279e-21
-1.5	8	2.60504e-23
-1.5	8.5	1.67634e-25
-1.5	9	8.40105e-28
-1.5	9.5	3.27893e-30
-1.5	10	9.96685e-33
-1	-10	1.74334e-17
-1	-9.5	1.00463e-15
-1	-9	4.50878e-14
-1	-8.5	1.57593e-12
-1	-8	4.28986e-11
-1	-7.5	9.09441e-10
-1	-7	1.50152e-08
-1	-6.5	1.93071e-07
-1	-6	1.93342e-06
-1	-5.5	1.50787e-05
-1	-5	9.15856e-05
-1	-4.5	0.000433228
-1	-4	0.001596
-1	-3.5	0.00457905
-1	-3	0.0102316
-1	-2.5	0.0178049
-1	-2	0.0241302
-1	-1.5	0.0254688
-1	-1	0.0209355
-1	-0.5	0.0134024
-1	0	0.00668207
-1	0.5	0.00259457
-1	1	0.000784593
-1	1.5	0.000184778
-1	2	3.38909e-05
-1	2.5	4.84108e-06
-1	3	5.38552e-07
-1	3.5	4.66594e-08
-1	4	3.14831e-09
-1	4.5	1.65441e-10
-1	5	6.77069e-12
-1	5.5	2.15799e-13
-1	6	5.35666e-15
-1	6.5	1.03553e-16
-1	7	1.55905e-18
-1	7.5	1.82803e-20
-1	8	1.66929e-22
-1	8.5	1.18716e-24
-1	9	6.57521e-27
-1	9.5	2.83621e-29
-1	10	9.5278e-32
-0.5	-10	2.89385e-18
-0.5	-9.5	1.84303e-16
-0.5	-9	9.14141e-15
-0.5	-8.5	3.53119e-13
-0.5	-8	1.06232e-11
-0.5	-7.5	2.48895e-10
-0.5	-7	4.54155e-09
-0.5	-6.5	6.45383e-08
-0.5	-6	7.14262e-07
-0.5	-5.5	6.15636e-06
-0.5	-5	4.13253e-05
-0.5	-4.5	0.000216041
-0.5	-4	0.000879592
-0.5	-3.5	0.00278903
-0.5	-3	0.00688734
-0.5	-2.5	0.0132457
-0.5	-2	0.0198393
-0.5	-1.5	0.0231422
-0.5	-1	0.0210237
-0.5	-0.5	0.0148744
-0.5	0	0.00819587
-0.5	0.5	0.00351704
-0.5	1	0.0011754
-0.5	1.5	0.000305931
-0.5	2	6.20133e-05
-0.5	2.5	9.78979e-06
-0.5	3	1.20362e-06
-0.5	3.5	1.15247e-07
-0.5	4	8.59403e-09
-0.5	4.5	4.99104e-10
-0.5	5	2.25741e-11
-0.5	5.5	7.95166e-13
-0.5	6	2.18138e-14
-0.5	6.5	4.66048e-16
-0.5	7	7.75455e-18
-0.5	7.5	1.00487e-19
-0.5	8	1.01412e-21
-0.5	8.5	7.97062e-24
-0.5	9	4.87892e-26
-0.5	9.5	2.32585e-28
-0.5	10	8.63506e-31
0	-10	4.55416e-19
0	-9.5	3.20548e-17
0	-9	1.75713e-15
0	-8.5	7.50139e-14
0	-8	2.49405e-12
0	-7.5	6.45797e-11
0	-7	1.30231e-09
0	-6.5	2.04529e-08
0	-6	2.50164e-07
0	-5.5	2.38298e-06
0	-5	1.76784e-05
0	-4.5	0.000102139
0	-4	0.000459586
0	-3.5	0.00161053
0	-3	0.00439537
0	-2.5	0.00934222
0	-2	0.0154643
0	-1.5	0.019936
0	-1	0.0200157
0	-0.5	0.0156506
0	0	0.00953051
0	0.5	0.0045199
0	1	0.00166943
0	1.5	0.000480211
0	2	0.000107578
0	2.5	1.8769e-05
0	3	2.55027e-06
0	3.5	2.69871e-07
0	4	2.2241e-08
0	4.5	1.4275e-09
0	5	7.13554e-11
0	5.5	2.77781e-12
0	6	8.42182e-14
0	6.5	1.98854e-15
0	7	3.65671e-17
0	7.5	5.23687e-19
0	8	5.8409e-21
0	8.5	5.07358e-23
0	9	3.43222e-25
0	9.5	1.80827e-27
0	10	7.41952e-30
0.5	-10	6.79483e-20
0.5	-9.5	5.28558e-18
0.5	-9	3.20209e-16
0.5	-8.5	1.51078e-14
0.5	-8	5.55129e-13
0.5	-7.5	1.5886e-11
0.5	-7	3.54046e-10
0.5	-6.5	6.14514e-09
0.5	-6	8.30675e-08
0.5	-5.5	8.74493e-07
0.5	-5	7.16981e-06
0.5	-4.5	4.57811e-05
0.5	-4	0.000227662
0.5	-3.5	0.0008817
0.5	-3	0.00265937
0.5	-2.5	0.00624686
0.5	-2	0.011428
0.5	-1.5	0.016282
0.5	-1	0.0180664
0.5	-0.5	0.015612
0.5	0	0.0105069
0.5	0.5	0.00550702
0.5	1	0.00224794
0.5	1.5	0.000714628
0.5	2	0.00017693
0.5	2.5	3.41152e-05
0.5	3	5.12297e-06
0.5	3.5	5.99131e-07
0.5	4	5.45693e-08
0.5	4.5	3.8708e-09
0.5	5	2.13836e-10
0.5	5.5	9.19996e-12
0.5	6	3.08261e-13
0.5	6.5	8.04408e-15
0.5	7	1.63479e-16
0.5	7.5	2.58745e-18
0.5	8	3.18941e-20
0.5	8.5	3.06178e-22
0.5	9	2.2891e-24
0.5	9.5	1.33285e-26
0.5	10	6.04399e-29
1	-10	9.61139e-21
1	-9.5	8.26285e-19
1	-9	5.53222e-17
1	-8.5	2.88467e-15
1	-8	1.17144e-13
1	-7.5	3.70483e-12
1	-7	9.12523e-11
1	-6.5	1.75043e-09
1	-6	2.61501e-08
1	-5.5	3.04249e-07
1	-5	2.75683e-06
1	-4.5	1.94544e-05
1	-4	0.000106918
1	-3.5	0.000457627
1	-3	0.00152545
1	-2.5	0.00396015
1	-2	0.00800664
1	-1.5	0.0126071
1	-1	0.01546
1	-0.5	0.0147648
1	0	0.0109818
1	0.5	0.00636126
1	1	0.00286973
1	1.5	0.00100824
1	2	0.000275877
1	2.5	5.87884e-05
1	3	9.75652e-06
1	3.5	1.26103e-06
1	4	1.26935e-07
1	4.5	9.95091e-09
1	5	6.07535e-10
1	5.5	2.88873e-11
1	6	1.06972e-12
1	6.5	3.08501e-14
1	7	6.92899e-16
1	7.5	1.21202e-17
1	8	1.65112e-19
1	8.5	1.75175e-21
1	9	1.44741e-23
1	9.5	9.31401e-26
1	10	4.66777e-28
1.5	-10	1.28894e-21
1.5	-9.5	1.22463e-19
1.5	-9	9.06158e-18
1.5	-8.5	5.22192e-16
1.5	-8	2.34359e-14
1.5	-7.5	8.19145e-13
1.5	-7	2.2298e-11
1.5	-6.5	4.72713e-10
1.5	-6	7.80468e-09
1.5	-5.5	1.00355e-07
1.5	-5	1.00496e-06
1.5	-4.5	7.83766e-06
1.5	-4	4.76047e-05
1.5	-3.5	0.000225185
1.5	-3	0.000829575
1.5	-2.5	0.00238012
1.5	-2	0.00531823
1.5	-1.5	0.0092547
1.5	-1	0.0125425
1.5	-0.5	0.0132383
1.5	0	0.0108819
1.5	0.5	0.00696637
1.5	1	0.00347323
1.5	1.5	0.00134861
1.5	2	0.000407819
1.5	2.5	9.60447e-05
1.5	3	1.76159e-05
1.5	3.5	2.51632e-06
1.5	4	2.79931e-07
1.5	4.5	2.42528e-08
1.5	5	1.63644e-09
1.5	5.5	8.59933e-11
1.5	6	3.5193e-12
1.5	6.5	1.12169e-13
1.5	7	2.7843e-15
1.5	7.5	5.38253e-17
1.5	8	8.10369e-19
1.5	8.5	9.5018e-21
1.5	9	8.67671e-23
1.5	9.5	6.17065e-25
1.5	10	3.41769e-27
2	-10	1.63876e-22
2	-9.5	1.72075e-20
2	-9	1.40717e-18
2	-8.5	8.96192e-17
2	-8	4.44511e-15
2	-7.5	1.71708e-13
2	-7	5.16565e-12
2	-6.5	1.21028e-10
2	-6	2.20838e-09
2	-5.5	3.13825e-08
2	-5	3.47318e-07
2	-4.5	2.9936e-06
2	-4	2.00949e-05
2	-3.5	0.000105052
2	-3	0.000427711
2	-2.5	0.0013562
2	-2	0.00334905
2	-1.5	0.00644089
2	-1	0.0096471
2	-0.5	0.0112531
2	0	0.010223
2	0.5	0.00723283
2	1	0.00398533
2	1.5	0.0017102
2	2	0.000571553
2	2.5	0.000148762
2	3	3.01547e-05
2	3.5	4.7604e-06
2	4	5.85272e-07
2	4.5	5.60401e-08
2	5	4.17894e-09
2	5.5	2.42695e-10
2	6	1.09769e-11
2	6.5	3.86659e-13
2	7	1.06072e-14
2	7.5	2.26621e-16
2	8	3.77074e-18
2	8.5	4.88628e-20
2	9	4.93125e-22
2	9.5	3.87581e-24
2	10	2.37243e-26
2.5	-10	1.97531e-23
2.5	-9.5	2.29228e-21
2.5	-9	2.07169e-19
2.5	-8.5	1.45818e-17
2.5	-8	7.99321e-16
2.5	-7.5	3.41239e-14
2.5	-7	1.13455e-12
2.5	-6.5	2.93774e-11
2.5	-6	5.9242e-10
2.5	-5.5	9.30406e-09
2.5	-5	1.138e-07
2.5	-4.5	1.08402e-06
2.5	-4	8.04193e-06
2.5	-3.5	4.64632e-05
2.5	-3	0.000209066
2.5	-2.5	0.00073263
2.5	-2	0.00199946
2.5	-1.5	0.00424978
2.5	-1	0.00703473
2.5	-0.5	0.00906889
2.5	0	0.00910516
2.5	0.5	0.00711946
2.5	1	0.00433544
2.5	1.5	0.00205611
2.5	2	0.000759424
2.5	2.5	0.000218449
2.5	3	4.89374e-05
2.5	3.5	8.53805e-06
2.5	4	1.16012e-06
2.5	4.5	1.22765e-07
2.5	5	1.01174e-08
2.5	5.5	6.49373e-10
2.5	6	3.24596e-11
2.5	6.5	1.26363e-12
2.5	7	3.83109e-14
2.5	7.5	9.04589e-16
2.5	8	1.66344e-17
2.5	8.5	2.38226e-19
2.5	9	2.65703e-21
2.5	9.5	2.30797e-23
2.5	10	1.56132e-25
3	-10	2.25732e-24
3	-9.5	2.89504e-22
3	-9	2.89163e-20
3	-8.5	2.24935e-18
3	-8	1.36269e-16
3	-7.5	6.42931e-15
3	-7	2.36242e-13
3	-6.5	6.76047e-12
3	-6	1.50669e-10
3	-5.5	2.61515e-09
3	-5	3.53504e-08
3	-4.5	3.72152e-07
3	-4	3.05121e-06
3	-3.5	1.94827e-05
3	-3	9.68844e-05
3	-2.5	0.000375219
3	-2	0.00113173
3	-1.5	0.00265843
3	-1	0.00486335
3	-0.5	0.00692902
3	0	0.00768837
3	0.5	0.00664391
3	1	0.00447135
3	1.5	0.00234359
3	2	0.000956641
3	2.5	0.000304119
3	3	7.52947e-05
3	3.5	1.45182e-05
3	4	2.18015e-06
3	4.5	2.54968e-07
3	5	2.32227e-08
3	5.5	1.64727e-09
3	6	9.10006e-11
3	6.5	3.91516e-12
3	7	1.31184e-13
3	7.5	3.42326e-15
3	8	6.95705e-17
3	8.5	1.10112e-18
3	9	1.35729e-20
3	9.5	1.30298e-22
3	10	9.74155e-25
3.5	-10	2.44562e-25
3.5	-9.5	3.46641e-23
3.5	-9	3.82646e-21
3.5	-8.5	3.28958e-19
3.5	-8	2.20247e-17
3.5	-7.5	1.14844e-15
3.5	-7	4.66369e-14
3.5	-6.5	1.47496e-12
3.5	-6	3.63291e-11
3.5	-5.5	6.96878e-10
3.5	-5	1.04108e-08
3.5	-4.5	1.21127e-07
3.5	-4	1.09754e-06
3.5	-3.5	7.74512e-06
3.5	-3	4.25659e-05
3.5	-2.5	0.000182189
3.5	-2	0.000607308
3.5	-1.5	0.0015766
3.5	-1	0.00318758
3.5	-0.5	0.00501911
3.5	0	0.00615487
3.5	0.5	0.00587811
3.5	1	0.00437202
3.5	1.5	0.00253253
3.5	2	0.00114249
3.5	2.5	0.000401398
3.5	3	0.000109831
3.5	3.5	2.34047e-05
3.5	4	3.88424e-06
3.5	4.5	5.02037e-07
3.5	5	5.05349e-08
3.5	5.5	3.96163e-09
3.5	6	2.4187e-10
3.5	6.5	1.15005e-11
3.5	7	4.25872e-13
3.5	7.5	1.22819e-14
3.5	8	2.75855e-16
3.5	8.5	4.82527e-18
3.5	9	6.57338e-20
3.5	9.5	6.974e-22
3.5	10	5.76238e-24
4	-10	2.51201e-26
4	-9.5	3.93498e-24
4	-9	4.80053e-22
4	-8.5	4.56102e-20
4	-8	3.37491e-18
4	-7.5	1.94486e-16
4	-7	8.72851e-15
4	-6.5	3.05083e-13
4	-6	8.30469e-12
4	-5.5	1.76058e-10
4	-5	2.90678e-09
4	-4.5	3.73764e-08
4	-4	3.74289e-07
4	-3.5	2.91907e-06
4	-3	1.773e-05
4	-2.5	8.38682e-05
4	-2	0.000308968
4	-1.5	0.000886454
4	-1	0.00198073
4	-0.5	0.00344683
4	0	0.00467134
4	0.5	0.00493048
4	1	0.00405288
4	1.5	0.00259457
4	2	0.00129358
4	2.5	0.000502279
4	3	0.000151889
4	3.5	3.5771e-05
4	4	6.56091e-06
4	4.5	9.3718e-07
4	5	1.04258e-07
4	5.5	9.03275e-09
4	6	6.09478e-10
4	6.5	3.20275e-11
4	7	1.31073e-12
4	7.5	4.17764e-14
4	8	1.03699e-15
4	8.5	2.00468e-17
4	9	3.01815e-19
4	9.5	3.53886e-21
4	10	3.23157e-23
4.5	-10	2.44621e-27
4.5	-9.5	4.2349e-25
4.5	-9	5.70978e-23
4.5	-8.5	5.99545e-21
4.5	-8	4.90287e-19
4.5	-7.5	3.12253e-17
4.5	-7	1.54877e-15
4.5	-6.5	5.98268e-14
4.5	-6	1.79983e-12
4.5	-5.5	4.21688e-11
4.5	-5	7.69446e-10
4.5	-4.5	1.09343e-08
4.5	-4	1.21013e-07
4.5	-3.5	1.04303e-06
4.5	-3	7.0015e-06
4.5	-2.5	3.66025e-05
4.5	-2	0.000149024
4.5	-1.5	0.000472528
4.5	-1	0.00116688
4.5	-0.5	0.00224414
4.5	0	0.00336126
4.5	0.5	0.00392084
4.5	1	0.00356191
4.5	1.5	0.00252007
4.5	2	0.00138858
4.5	2.5	0.000595871
4.5	3	0.000199141
4.5	3.5	5.18319e-05
4.5	4	1.05065e-05
4.5	4.5	1.65862e-06
4.5	5	2.03921e-07
4.5	5.5	1.95256e-08
4.5	6	1.45603e-09
4.5	6.5	8.45601e-11
4.5	7	3.8246e-12
4.5	7.5	1.3472e-13
4.5	8	3.69578e-15
4.5	8.5	7.89596e-17
4.5	9	1.31381e-18
4.5	9.5	1.70248e-20
4.5	10	1.71815e-22
5	-10	2.2584e-28
5	-9.5	4.32097e-26
5	-9	6.43853e-24
5	-8.5	7.47169e-22
5	-8	6.75269e-20
5	-7.5	4.75294e-18
5	-7	2.60539e-16
5	-6.5	1.11227e-14
5	-6	3.69806e-13
5	-5.5	9.57557e-12
5	-5	1.931e-10
5	-4.5	3.03267e-09
5	-4	3.70932e-08
5	-3.5	3.53338e-07
5	-3	2.62127e-06
5	-2.5	1.51447e-05
5	-2	6.81452e-05
5	-1.5	0.000238801
5	-1	0.000651725
5	-0.5	0.00138522
5	0	0.00229297
5	0.5	0.00295601
5	1	0.00296783
5	1.5	0.00232059
5	2	0.00141314
5	2.5	0.000670189
5	3	0.000247535
5	3.5	7.12035e-05
5	4	1.59512e-05
5	4.5	2.78298e-06
5	5	3.78142e-07
5	5.5	4.00152e-08
5	6	3.29779e-09
5	6.5	2.11663e-10
5	7	1.05802e-11
5	7.5	4.11881e-13
5	8	1.24875e-14
5	8.5	2.94852e-16
5	9	5.42199e-18
5	9.5	7.76498e-20
5	10	8.66061e-22
5.5	-10	1.97673e-29
5.5	-9.5	4.17981e-27
5.5	-9	6.88322e-25
5.5	-8.5	8.82782e-23
5.5	-8	8.81741e-21
5.5	-7.5	6.85892e-19
5.5	-7	4.15524e-17
5.5	-6.5	1.96048e-15
5.5	-6	7.20371e-14
5.5	-5.5	2.06147e-12
5.5	-5	4.59433e-11
5.5	-4.5	7.97434e-10
5.5	-4	1.07794e-08
5.5	-3.5	1.1348e-07
5.5	-3	9.30402e-07
5.5	-2.5	5.94085e-06
5.5	-2	2.95429e-05
5.5	-1.5	0.000114415
5.5	-1	0.000345097
5.5	-0.5	0.000810633
5.5	0	0.00148298
5.5	0.5	0.00211286
5.5	1	0.00234441
5.5	1.5	0.00202592
5.5	2	0.00136345
5.5	2.5	0.000714628
5.5	3	0.000291708
5.5	3.5	9.27348e-05
5.5	4	2.29596e-05
5.5	4.5	4.42701e-06
5.5	5	6.6479e-07
5.5	5.5	7.77472e-08
5.5	6	7.08127e-09
5.5	6.5	5.02301e-10
5.5	7	2.77487e-11
5.5	7.5	1.19385e-12
5.5	8	4.00019e-14
5.5	8.5	1.04385e-15
5.5	9	2.12141e-17
5.5	9.5	3.35765e-19
5.5	10	4.13878e-21
6	-10	1.64033e-30
6	-9.5	3.83328e-28
6	-9	6.97645e-26
6	-8.5	9.88839e-24
6	-8	1.09155e-21
6	-7.5	9.38397e-20
6	-7	6.28285e-18
6	-6.5	3.27607e-16
6	-6	1.33038e-14
6	-5.5	4.20751e-13
6	-5	1.03634e-11
6	-4.5	1.98794e-10
6	-4	2.96983e-09
6	-3.5	3.4553e-08
6	-3	3.13088e-07
6	-2.5	2.2094e-06
6	-2	1.21425e-05
6	-1.5	5.19719e-05
6	-1	0.000173243
6	-0.5	0.000449747
6	0	0.0009093
6	0.5	0.00143177
6	1	0.00175576
6	1.5	0.00167681
6	2	0.00124718
6	2.5	0.000722437
6	3	0.00032591
6	3.5	0.000114504
6	4	3.13308e-05
6	4.5	6.6765e-06
6	5	1.10803e-06
6	5.5	1.43213e-07
6	6	1.44158e-08
6	6.5	1.13011e-09
6	7	6.89967e-11
6	7.5	3.28068e-12
6	8	1.21486e-13
6	8.5	3.50359e-15
6	9	7.86913e-17
6	9.5	1.37647e-18
6	10	1.87514e-20
6.5	-10	1.29049e-31
6.5	-9.5	3.33289e-29
6.5	-9	6.70371e-27
6.5	-8.5	1.05011e-24
6.5	-8	1.2811e-22
6.5	-7.5	1.21718e-20
6.5	-7	9.00648e-19
6.5	-6.5	5.19016e-17
6.5	-6	2.32934e-15
6.5	-5.5	8.14164e-14
6.5	-5	2.21624e-12
6.5	-4.5	4.69838e-11
6.5	-4	7.75722e-10
6.5	-3.5	9.97448e-09
6.5	-3	9.98851e-08
6.5	-2.5	7.79e-07
6.5	-2	4.73152e-06
6.5	-1.5	2.23816e-05
6.5	-1	8.2453e-05
6.5	-0.5	0.000236564
6.5	0	0.000528589
6.5	0.5	0.000919842
6.5	1	0.00124662
6.5	1.5	0.00131578
6.5	2	0.00108158
6.5	2.5	0.000692401
6.5	3	0.000345211
6.5	3.5	0.000134041
6.5	4	4.05339e-05
6.5	4.5	9.54606e-06
6.5	5	1.75088e-06
6.5	5.5	2.50101e-07
6.5	6	2.78228e-08
6.5	6.5	2.41053e-09
6.5	7	1.62649e-10
6.5	7.5	8.54704e-12
6.5	8	3.49789e-13
6.5	8.5	1.11487e-14
6.5	9	2.76737e-16
6.5	9.5	5.3498e-18
6.5	10	8.05441e-20
7	-10	9.62527e-33
7	-9.5	2.74732e-30
7	-9	6.10707e-28
7	-8.5	1.05726e-25
7	-8	1.42547e-23
7	-7.5	1.49679e-21
7	-7	1.22403e-19
7	-6.5	7.79554e-18
7	-6	3.86659e-16
7	-5.5	1.49361e-14
7	-5	4.49335e-13
7	-4.5	1.05276e-11
7	-4	1.92096e-10
7	-3.5	2.72981e-09
7	-3	3.02115e-08
7	-2.5	2.60398e-07
7	-2	1.74796e-06
7	-1.5	9.13798e-06
7	-1	3.72045e-05
7	-0.5	0.000117969
7	0	0.000291317
7	0.5	0.000560261
7	1	0.000839154
7	1.5	0.000978857
7	2	0.000889248
7	2.5	0.000629148
7	3	0.000346665
7	3.5	0.000148762
7	4	4.97166e-05
7	4.5	1.29401e-05
7	5	2.62301e-06
7	5.5	4.14084e-07
7	6	5.091e-08
7	6.5	4.87466e-09
7	7	3.63506e-10
7	7.5	2.11108e-11
7	8	9.5483e-13
7	8.5	3.36335e-14
7	9	9.22669e-16
7	9.5	1.97127e-17
7	10	3.27998e-19
7.5	-10	6.80628e-34
7.5	-9.5	2.14702e-31
7.5	-9	5.27459e-29
7.5	-8.5	1.00918e-26
7.5	-8	1.50374e-24
7.5	-7.5	1.74504e-22
7.5	-7	1.57712e-20
7.5	-6.5	1.11007e-18
7.5	-6	6.08499e-17
7.5	-5.5	2.59775e-15
7.5	-5	8.63697e-14
7.5	-4.5	2.23641e-12
7.5	-4	4.50992e-11
7.5	-3.5	7.08291e-10
7.5	-3	8.66326e-09
7.5	-2.5	8.25234e-08
7.5	-2	6.12208e-07
7.5	-1.5	3.5371e-06
7.5	-1	1.59156e-05
7.5	-0.5	5.5773e-05
7.5	0	0.000152213
7.5	0.5	0.000323524
7.5	1	0.000535533
7.5	1.5	0.000690388
7.5	2	0.000693149
7.5	2.5	0.000541983
7.5	3	0.000330044
7.5	3.5	0.000156525
7.5	4	5.78127e-05
7.5	4.5	1.66298e-05
7.5	5	3.72546e-06
7.5	5.5	6.49977e-07
7.5	6	8.83165e-08
7.5	6.5	9.34572e-09
7.5	7	7.70211e-10
7.5	7.5	4.94348e-11
7.5	8	2.47106e-12
7.5	8.5	9.61964e-14
7.5	9	2.9165e-15
7.5	9.5	6.88637e-17
7.5	10	1.26633e-18
8	-10	4.56293e-35
8	-9.5	1.59074e-32
8	-9	4.31899e-30
8	-8.5	9.13253e-28
8	-8	1.50392e-25
8	-7.5	1.9288e-23
8	-7	1.92653e-21
8	-6.5	1.49861e-19
8	-6	9.07884e-18
8	-5.5	4.28348e-16
8	-5	1.57395e-14
8	-4.5	4.50412e-13
8	-4	1.00382e-11
8	-3.5	1.74232e-10
8	-3	2.3552e-09
8	-2.5	2.47944e-08
8	-2	2.03285e-07
8	-1.5	1.29802e-06
8	-1	6.45487e-06
8	-0.5	2.49987e-05
8	0	7.54007e-05
8	0.5	0.000177116
8	1	0.000324018
8	1.5	0.000461642
8	2	0.000512233
8	2.5	0.000442646
8	3	0.000297901
8	3.5	0.00015614
8	4	6.37356e-05
8	4.5	2.02617e-05
8	5	5.01646e-06
8	5.5	9.67264e-07
8	6	1.45251e-07
8	6.5	1.69871e-08
8	7	1.5472e-09
8	7.5	1.09748e-10
8	8	6.06286e-12
8	8.5	2.60845e-13
8	9	8.74007e-15
8	9.5	2.28073e-16
8	10	4.63509e-18
8.5	-10	2.90012e-36
8.5	-9.5	1.11738e-33
8.5	-9	3.35284e-31
8.5	-8.5	7.83522e-29
8.5	-8	1.42599e-26
8.5	-7.5	2.02119e-24
8.5	-7	2.23113e-22
8.5	-6.5	1.91808e-20
8.5	-6	1.28422e-18
8.5	-5.5	6.69629e-17
8.5	-5	2.7193e-15
8.5	-4.5	8.60016e-14
8.5	-4	2.11827e-12
8.5	-3.5	4.06335e-11
8.5	-3	6.07033e-10
8.5	-2.5	7.06264e-09
8.5	-2	6.39953e-08
8.5	-1.5	4.51602e-07
8.5	-1	2.48193e-06
8.5	-0.5	1.06231e-05
8.5	0	3.54108e-05
8.5	0.5	9.19283e-05
8.5	1	0.000185861
8.5	1.5	0.000292654
8.5	2	0.000358878
8.5	2.5	0.00034274
8.5	3	0.000254923
8.5	3.5	0.000147666
8.5	4	6.6616e-05
8.5	4.5	2.34047e-05
8.5	5	6.40403e-06
8.5	5.5	1.36468e-06
8.5	6	2.26482e-07
8.5	6.5	2.92727e-08
8.5	7	2.94658e-09
8.5	7.5	2.30994e-10
8.5	8	1.41029e-11
8.5	8.5	6.70571e-13
8.5	9	2.48317e-14
8.5	9.5	7.16133e-16
8.5	10	1.60845e-17
9	-10	1.74753e-37
9	-9.5	7.44116e-35
9	-9	2.46764e-32
9	-8.5	6.37308e-30
9	-8	1.28187e-27
9	-7.5	2.008e-25
9	-7	2.44969e-23
9	-6.5	2.32747e-21
9	-6	1.7222e-19
9	-5.5	9.92451e-18
9	-5	4.45411e-16
9	-4.5	1.55683e-14
9	-4	4.23784e-13
9	-3.5	8.98414e-12
9	-3	1.48332e-10
9	-2.5	1.9073e-09
9	-2	1.90998e-08
9	-1.5	1.48959e-07
9	-1	9.04751e-07
9	-0.5	4.27975e-06
9	0	1.57665e-05
9	0.5	4.52353e-05
9	1	0.000101076
9	1.5	0.00017589
9	2	0.000238376
9	2.5	0.0002516
9	3	0.000206816
9	3.5	0.000132399
9	4	6.60105e-05
9	4.5	2.56311e-05
9	5	7.7508e-06
9	5.5	1.82538e-06
9	6	3.348e-07
9	6.5	4.78238e-08
9	7	5.32022e-09
9	7.5	4.60937e-10
9	8	3.11014e-11
9	8.5	1.63435e-12
9	9	6.68859e-14
9	9.5	2.13183e-15
9	10	5.29171e-17
9.5	-10	9.98327e-39
9.5	-9.5	4.69805e-36
9.5	-9	1.72182e-33
9.5	-8.5	4.91456e-31
9.5	-8	1.09247e-28
9.5	-7.5	1.89129e-26
9.5	-7	2.54997e-24
9.5	-6.5	2.67755e-22
9.5	-6	2.18961e-20
9.5	-5.5	1.39451e-18
9.5	-5	6.91677e-17
9.5	-4.5	2.67184e-15
9.5	-4	8.03796e-14
9.5	-3.5	1.88324e-12
9.5	-3	3.43632e-11
9.5	-2.5	4.88323e-10
9.5	-2	5.4044e-09
9.5	-1.5	4.65815e-08
9.5	-1	3.12685e-07
9.5	-0.5	1.63465e-06
9.5	0	6.65535e-06
9.5	0.5	2.11029e-05
9.5	1	5.21124e-05
9.5	1.5	0.000100223
9.5	2	0.000150113
9.5	2.5	0.000175103
9.5	3	0.000159074
9.5	3.5	0.000112546
9.5	4	6.20133e-05
9.5	4.5	2.66114e-05
9.5	5	8.89359e-06
9.5	5.5	2.3148e-06
9.5	6	4.69218e-07
9.5	6.5	7.40736e-08
9.5	7	9.10706e-09
9.5	7.5	8.72006e-10
9.5	8	6.5026e-11
9.5	8.5	3.77642e-12
9.5	9	1.70805e-13
9.5	9.5	6.01656e-15
9.5	10	1.65052e-16
10	-10	5.40702e-40
10	-9.5	2.81211e-37
10	-9	1.13902e-34
10	-8.5	3.59301e-32
10	-8	8.82696e-30
10	-7.5	1.68885e-27
10	-7	2.5165e-25
10	-6.5	2.9203e-23
10	-6	2.63929e-21
10	-5.5	1.85768e-19
10	-5	1.01832e-17
10	-4.5	4.3473e-16
10	-4	1.44539e-14
10	-3.5	3.74261e-13
10	-3	7.54729e-12
10	-2.5	1.18532e-10
10	-2	1.44978e-09
10	-1.5	1.38102e-08
10	-1	1.02452e-07
10	-0.5	5.9193e-07
10	0	2.66345e-06
10	0.5	9.33354e-06
10	1	2.54726e-05
10	1.5	5.41412e-05
10	2	8.96208e-05
10	2.5	0.000115536
10	3	0.000115998
10	3.5	9.07002e-05
10	4	5.52325e-05
10	4.5	2.61943e-05
10	5	9.67488e-06
10	5.5	2.78298e-06
10	6	6.23451e-07
10	6.5	1.08773e-07
10	7	1.47797e-08
10	7.5	1.56399e-09
10	8	1.28894e-10
10	8.5	8.27285e-12
10	9	4.13528e-13
10	9.5	1.60983e-14
10	10	4.88072e-16
10.5	-10	2.77639e-41
10.5	-9.5	1.59582e-38
10.5	-9	7.14354e-36
10.5	-8.5	2.4904e-33
10.5	-8	6.76163e-31
10.5	-7.5	1.42975e-28
10.5	-7	2.35448e-26
10.5	-6.5	3.01965e-24
10.5	-6	3.01609e-22
10.5	-5.5	2.34617e-20
10.5	-5	1.42135e-18
10.5	-4.5	6.70605e-17
10.5	-4	2.46411e-15
10.5	-3.5	7.05147e-14
10.5	-3	1.57154e-12
10.5	-2.5	2.72771e-11
10.5	-2	3.6872e-10
10.5	-1.5	3.8817e-09
10.5	-1	3.18254e-08
10.5	-0.5	2.03213e-07
10.5	0	1.01055e-06
10.5	0.5	3.9137e-06
10.5	1	1.18044e-05
10.5	1.5	2.77286e-05
10.5	2	5.07269e-05
10.5	2.5	7.22727e-05
10.5	3	8.01931e-05
10.5	3.5	6.92988e-05
10.5	4	4.66382e-05
10.5	4.5	2.44446e-05
10.5	5	9.97818e-06
10.5	5.5	3.17209e-06
10.5	6	7.85357e-07
10.5	6.5	1.51431e-07
10.5	7	2.27399e-08
10.5	7.5	2.65943e-09
10.5	8	2.42223e-10
10.5	8.5	1.71818e-11
10.5	9	9.49176e-13
10.5	9.5	4.08369e-14
10.5	10	1.36831e-15
11	-10	1.35158e-42
11	-9.5	8.58565e-40
11	-9	4.24749e-37
11	-8.5	1.63651e-34
11	-8	4.91054e-32
11	-7.5	1.14754e-29
11	-7	2.08849e-27
11	-6.5	2.96021e-25
11	-6	3.26769e-23
11	-5.5	2.80921e-21
11	-5	1.88085e-19
11	-4.5	9.80733e-18
11	-4	3.98266e-16
11	-3.5	1.25957e-14
11	-3	3.1024e-13
11	-2.5	5.95114e-12
11	-2	8.89055e-11
11	-1.5	1.03439e-09
11	-1	9.37269e-09
11	-0.5	6.61412e-08
11	0	3.63501e-07
11	0.5	1.55584e-06
11	1	5.18624e-06
11	1.5	1.34637e-05
11	2	2.72211e-05
11	2.5	4.28618e-05
11	3	5.25609e-05
11	3.5	5.01974e-05
11	4	3.73359e-05
11	4.5	2.16271e-05
11	5	9.75652e-06
11	5.5	3.42783e-06
11	6	9.37928e-07
11	6.5	1.99869e-07
11	7	3.31703e-08
11	7.5	4.28725e-09
11	8	4.31554e-10
11	8.5	3.38312e-11
11	9	2.0655e-12
11	9.5	9.82112e-14
11	10	3.63683e-15
11.5	-10	6.2379e-44
11.5	-9.5	4.37926e-41
11.5	-9	2.39436e-38
11.5	-8.5	1.01954e-35
11.5	-8	3.381e-33
11.5	-7.5	8.73198e-31
11.5	-7	1.75633e-28
11.5	-6.5	2.75123e-26
11.5	-6	3.3564e-24
11.5	-5.5	3.18894e-22
11.5	-5	2.35964e-20
11.5	-4.5	1.35979e-18
11.5	-4	6.10274e-17
11.5	-3.5	2.13306e-15
11.5	-3	5.80642e-14
11.5	-2.5	1.23095e-12
11.5	-2	2.03235e-11
11.5	-1.5	2.61325e-10
11.5	-1	2.61693e-09
11.5	-0.5	2.04093e-08
11.5	0	1.23963e-07
11.5	0.5	5.86384e-07
11.5	1	2.16022e-06
11.5	1.5	6.19784e-06
11.5	2	1.38487e-05
11.5	2.5	2.40993e-05
11.5	3	3.26608e-05
11.5	3.5	3.44726e-05
11.5	4	2.83367e-05
11.5	4.5	1.81405e-05
11.5	5	9.04433e-06
11.5	5.5	3.5118e-06
11.5	6	1.06196e-06
11.5	6.5	2.50101e-07
11.5	7	4.58721e-08
11.5	7.5	6.55251e-09
11.5	8	7.28942e-10
11.5	8.5	6.31546e-11
11.5	9	4.26131e-12
11.5	9.5	2.23927e-13
11.5	10	9.16428e-15
12	-10	2.72944e-45
12	-9.5	2.11771e-42
12	-9	1.27963e-39
12	-8.5	6.02182e-37
12	-8	2.20698e-34
12	-7.5	6.29935e-32
12	-7	1.40029e-29
12	-6.5	2.4242e-27
12	-6	3.26847e-25
12	-5.5	3.432e-23
12	-5	2.80657e-21
12	-4.5	1.78744e-19
12	-4	8.86571e-18
12	-3.5	3.42469e-16
12	-3	1.03028e-14
12	-2.5	2.41389e-13
12	-2	4.40458e-12
12	-1.5	6.25918e-11
12	-1	6.9272e-10
12	-0.5	5.97068e-09
12	0	4.0079e-08
12	0.5	2.09525e-07
12	1	8.53064e-07
12	1.5	2.70491e-06
12	2	6.67962e-06
12	2.5	1.28462e-05
12	3	1.9241e-05
12	3.5	2.24442e-05
12	4	2.03896e-05
12	4.5	1.44258e-05
12	5	7.94868e-06
12	5.5	3.41097e-06
12	6	1.13995e-06
12	6.5	2.96704e-07
12	7	6.0143e-08
12	7.5	9.49454e-09
12	8	1.16732e-09
12	8.5	1.11771e-10
12	9	8.33484e-12
12	9.5	4.84051e-13
12	10	2.18933e-14
12.5	-10	1.13226e-46
12.5	-9.5	9.70885e-44
12.5	-9	6.48359e-41
12.5	-8.5	3.37201e-38
12.5	-8	1.36581e-35
12.5	-7.5	4.3084e-33
12.5	-7	1.05845e-30
12.5	-6.5	2.02511e-28
12.5	-6	3.01754e-26
12.5	-5.5	3.50175e-24
12.5	-5	3.16478e-22
12.5	-4.5	2.22756e-20
12.5	-4	1.22107e-18
12.5	-3.5	5.21288e-17
12.5	-3	1.73317e-15
12.5	-2.5	4.48778e-14
12.5	-2	9.05e-13
12.5	-1.5	1.42132e-11
12.5	-1	1.73844e-10
12.5	-0.5	1.65599e-09
12.5	0	1.22851e-08
12.5	0.5	7.09786e-08
12.5	1	3.19376e-07
12.5	1.5	1.11919e-06
12.5	2	3.05444e-06
12.5	2.5	6.49211e-06
12.5	3	1.07465e-05
12.5	3.5	1.38539e-05
12.5	4	1.39093e-05
12.5	4.5	1.08759e-05
12.5	5	6.62295e-06
12.5	5.5	3.14097e-06
12.5	6	1.16012e-06
12.5	6.5	3.33709e-07
12.5	7	7.47583e-08
12.5	7.5	1.3043e-08
12.5	8	1.77224e-09
12.5	8.5	1.87539e-10
12.5	9	1.54557e-11
12.5	9.5	9.92003e-13
12.5	10	4.95864e-14
13	-10	4.45305e-48
13	-9.5	4.21996e-45
13	-9	3.11448e-42
13	-8.5	1.79014e-39
13	-8	8.01342e-37
13	-7.5	2.79366e-34
13	-7	7.58501e-32
13	-6.5	1.60385e-29
13	-6	2.64119e-27
13	-5.5	3.38736e-25
13	-5	3.38337e-23
13	-4.5	2.63186e-21
13	-4	1.59442e-19
13	-3.5	7.52265e-18
13	-3	2.76417e-16
13	-2.5	7.91014e-15
13	-2	1.76291e-13
13	-1.5	3.05987e-12
13	-1	4.1362e-11
13	-0.5	4.35439e-10
13	0	3.57009e-09
13	0.5	2.27959e-08
13	1	1.1336e-07
13	1.5	4.39028e-07
13	2	1.32419e-06
13	2.5	3.11052e-06
13	3	5.6904e-06
13	3.5	8.10735e-06
13	4	8.99583e-06
13	4.5	7.77375e-06
13	5	5.23174e-06
13	5.5	2.74213e-06
13	6	1.11932e-06
13	6.5	3.55837e-07
13	7	8.80991e-08
13	7.5	1.69871e-08
13	8	2.55089e-09
13	8.5	2.98327e-10
13	9	2.71718e-11
13	9.5	1.9274e-12
13	10	1.06476e-13
13.5	-10	1.66037e-49
13.5	-9.5	1.73895e-46
13.5	-9	1.41838e-43
13.5	-8.5	9.01e-41
13.5	-8	4.45742e-38
13.5	-7.5	1.71739e-35
13.5	-7	5.15325e-33
13.5	-6.5	1.20426e-30
13.5	-6	2.19171e-28
13.5	-5.5	3.10652e-26
13.5	-5	3.42919e-24
13.5	-4.5	2.94806e-22
13.5	-4	1.97381e-20
13.5	-3.5	1.02921e-18
13.5	-3	4.17951e-17
13.5	-2.5	1.32183e-15
13.5	-2	3.25574e-14
13.5	-1.5	6.24528e-13
13.5	-1	9.32997e-12
13.5	-0.5	1.08551e-10
13.5	0	9.83594e-10
13.5	0.5	6.94102e-09
13.5	1	3.81467e-08
13.5	1.5	1.63274e-07
13.5	2	5.44257e-07
13.5	2.5	1.41292e-06
13.5	3	2.85665e-06
13.5	3.5	4.49803e-06
13.5	4	5.51587e-06
13.5	4.5	5.26784e-06
13.5	5	3.91812e-06
13.5	5.5	2.2696e-06
13.5	6	1.02387e-06
13.5	6.5	3.59725e-07
13.5	7	9.84285e-08
13.5	7.5	2.09748e-08
13.5	8	3.48098e-09
13.5	8.5	4.49915e-10
13.5	9	4.52884e-11
13.5	9.5	3.55033e-12
13.5	10	2.16759e-13
14	-10	5.86938e-51
14	-9.5	6.79362e-48
14	-9	6.12403e-45
14	-8.5	4.29931e-42
14	-8	2.35065e-39
14	-7.5	1.00093e-36
14	-7	3.31928e-34
14	-6.5	8.57258e-32
14	-6	1.72427e-29
14	-5.5	2.70101e-27
14	-5	3.29513e-25
14	-4.5	3.13073e-23
14	-4	2.31657e-21
14	-3.5	1.33497e-19
14	-3	5.99133e-18
14	-2.5	2.09412e-16
14	-2	5.70042e-15
14	-1.5	1.20848e-13
14	-1	1.99524e-12
14	-0.5	2.56555e-11
14	0	2.56916e-10
14	0.5	2.00368e-09
14	1	1.217e-08
14	1.5	5.75679e-08
14	2	2.12079e-07
14	2.5	6.0847e-07
14	3	1.35959e-06
14	3.5	2.36594e-06
14	4	3.20645e-06
14	4.5	3.38433e-06
14	5	2.78194e-06
14	5.5	1.78093e-06
14	6	8.87922e-07
14	6.5	3.44769e-07
14	7	1.04258e-07
14	7.5	2.45536e-08
14	8	4.50347e-09
14	8.5	6.43289e-10
14	9	7.15635e-11
14	9.5	6.20017e-12
14	10	4.18352e-13
14.5	-10	1.96705e-52
14.5	-9.5	2.51625e-49
14.5	-9	2.5068e-46
14.5	-8.5	1.94496e-43
14.5	-8	1.17525e-40
14.5	-7.5	5.53061e-38
14.5	-7	2.02695e-35
14.5	-6.5	5.7855e-33
14.5	-6	1.28607e-30
14.5	-5.5	2.22646e-28
14.5	-5	3.00186e-26
14.5	-4.5	3.15205e-24
14.5	-4	2.57764e-22
14.5	-3.5	1.64164e-20
14.5	-3	8.14252e-19
14.5	-2.5	3.14534e-17
14.5	-2	9.46241e-16
14.5	-1.5	2.21698e-14
14.5	-1	4.04529e-13
14.5	-0.5	5.74862e-12
14.5	0	6.36214e-11
14.5	0.5	5.48365e-10
14.5	1	3.68097e-09
14.5	1.5	1.92434e-08
14.5	2	7.83479e-08
14.5	2.5	2.48427e-07
14.5	3	6.13476e-07
14.5	3.5	1.17984e-06
14.5	4	1.76715e-06
14.5	4.5	2.06134e-06
14.5	5	1.87264e-06
14.5	5.5	1.3249e-06
14.5	6	7.3003e-07
14.5	6.5	3.13274e-07
14.5	7	1.04697e-07
14.5	7.5	2.72501e-08
14.5	8	5.52371e-09
14.5	8.5	8.72006e-10
14.5	9	1.0721e-10
14.5	9.5	1.02654e-11
14.5	10	7.65496e-13
15	-10	6.24995e-54
15	-9.5	8.83578e-51
15	-9	9.72836e-48
15	-8.5	8.34182e-45
15	-8	5.57068e-42
15	-7.5	2.89722e-39
15	-7	1.1735e-36
15	-6.5	3.70176e-34
15	-6	9.09413e-32
15	-5.5	1.73997e-29
15	-5	2.59266e-27
15	-4.5	3.0087e-25
15	-4	2.71917e-23
15	-3.5	1.91391e-21
15	-3	1.04914e-19
15	-2.5	4.47889e-18
15	-2	1.48913e-16
15	-1.5	3.85589e-15
15	-1	7.77573e-14
15	-0.5	1.22119e-12
15	0	1.49367e-11
15	0.5	1.42282e-10
15	1	1.05553e-09
15	1.5	6.09846e-09
15	2	2.74407e-08
15	2.5	9.61604e-08
15	3	2.62436e-07
15	3.5	5.578e-07
15	4	9.23334e-07
15	4.5	1.19033e-06
15	5	1.19509e-06
15	5.5	9.34455e-07
15	6	5.69042e-07
15	6.5	2.69871e-07
15	7	9.96771e-08
15	7.5	2.86722e-08
15	8	6.42321e-09
15	8.5	1.12065e-09
15	9	1.5227e-10
15	9.5	1.61133e-11
15	10	1.32795e-12
15.5	-10	1.88268e-55
15.5	-9.5	2.94153e-52
15.5	-9	3.57929e-49
15.5	-8.5	3.39194e-46
15.5	-8	2.50337e-43
15.5	-7.5	1.43889e-40
15.5	-7	6.44106e-38
15.5	-6.5	2.2455e-35
15.5	-6	6.09671e-33
15.5	-5.5	1.28915e-30
15.5	-5	2.12295e-28
15.5	-4.5	2.72271e-26
15.5	-4	2.7195e-24
15.5	-3.5	2.11545e-22
15.5	-3	1.28157e-20
15.5	-2.5	6.04659e-19
15.5	-2	2.2218e-17
15.5	-1.5	6.35805e-16
15.5	-1	1.417e-14
15.5	-0.5	2.45948e-13
15.5	0	3.32461e-12
15.5	0.5	3.49999e-11
15.5	1	2.86958e-10
15.5	1.5	1.8323e-09
15.5	2	9.11173e-09
15.5	2.5	3.52884e-08
15.5	3	1.06436e-07
15.5	3.5	2.50019e-07
15.5	4	4.57385e-07
15.5	4.5	6.51656e-07
15.5	5	7.23071e-07
15.5	5.5	6.24842e-07
15.5	6	4.20519e-07
15.5	6.5	2.20408e-07
15.5	7	8.99696e-08
15.5	7.5	2.86016e-08
15.5	8	7.08127e-09
15.5	8.5	1.3654e-09
15.5	9	2.05037e-10
15.5	9.5	2.39791e-11
15.5	10	2.18403e-12
16	-10	5.37665e-57
16	-9.5	9.28409e-54
16	-9	1.24851e-50
16	-8.5	1.30759e-47
16	-8	1.06654e-44
16	-7.5	6.77504e-42
16	-7	3.35174e-39
16	-6.5	1.29139e-36
16	-6	3.87496e-34
16	-5.5	9.05536e-32
16	-5	1.64805e-29
16	-4.5	2.33594e-27
16	-4	2.57857e-25
16	-3.5	2.21678e-23
16	-3	1.4842e-21
16	-2.5	7.73907e-20
16	-2	3.14276e-18
16	-1.5	9.93942e-17
16	-1	2.44814e-15
16	-0.5	4.69611e-14
16	0	7.01563e-13
16	0.5	8.16247e-12
16	1	7.3961e-11
16	1.5	5.21927e-10
16	2	2.86843e-09
16	2.5	1.22773e-08
16	3	4.09252e-08
16	3.5	1.06244e-07
16	4	2.14804e-07
16	4.5	3.38227e-07
16	5	4.14764e-07
16	5.5	3.96113e-07
16	6	2.94621e-07
16	6.5	1.70662e-07
16	7	7.69898e-08
16	7.5	2.70494e-08
16	8	7.4013e-09
16	8.5	1.57719e-09
16	9	2.61751e-10
16	9.5	3.38312e-11
16	10	3.40544e-12
16.5	-10	1.45575e-58
16.5	-9.5	2.77807e-55
16.5	-9	4.12882e-52
16.5	-8.5	4.77898e-49
16.5	-8	4.30795e-46
16.5	-7.5	3.02436e-43
16.5	-7	1.65357e-40
16.5	-6.5	7.04103e-38
16.5	-6	2.33495e-35
16.5	-5.5	6.03039e-33
16.5	-5	1.21294e-30
16.5	-4.5	1.90003e-28
16.5	-4	2.31796e-26
16.5	-3.5	2.20231e-24
16.5	-3	1.62959e-22
16.5	-2.5	9.39085e-21
16.5	-2	4.21461e-19
16.5	-1.5	1.47311e-17
16.5	-1	4.00997e-16
16.5	-0.5	8.50104e-15
16.5	0	1.40356e-13
16.5	0.5	1.80474e-12
16.5	1	1.80728e-11
16.5	1.5	1.40949e-10
16.5	2	8.56101e-10
16.5	2.5	4.04962e-09
16.5	3	1.49187e-08
16.5	3.5	4.28029e-08
16.5	4	9.56405e-08
16.5	4.5	1.66432e-07
16.5	5	2.25558e-07
16.5	5.5	2.38071e-07
16.5	6	1.95696e-07
16.5	6.5	1.2528e-07
16.5	7	6.2461e-08
16.5	7.5	2.42528e-08
16.5	8	7.33402e-09
16.5	8.5	1.72722e-09
16.5	9	3.16797e-10
16.5	9.5	4.52522e-11
16.5	10	5.03414e-12
17	-10	3.73678e-60
17	-9.5	7.88105e-57
17	-9	1.29448e-53
17	-8.5	1.6559e-50
17	-8	1.64968e-47
17	-7.5	1.27995e-44
17	-7	7.7341e-42
17	-6.5	3.6396e-39
17	-6	1.3339e-36
17	-5.5	3.80734e-34
17	-5	8.46341e-32
17	-4.5	1.46519e-29
17	-4	1.97547e-27
17	-3.5	2.07431e-25
17	-3	1.6963e-23
17	-2.5	1.08033e-21
17	-2	5.35846e-20
17	-1.5	2.06989e-18
17	-1	6.22705e-17
17	-0.5	1.45896e-15
17	0	2.66214e-14
17	0.5	3.78307e-13
17	1	4.18682e-12
17	1.5	3.6087e-11
17	2	2.42239e-10
17	2.5	1.26638e-09
17	3	5.15594e-09
17	3.5	1.63486e-08
17	4	4.03718e-08
17	4.5	7.76431e-08
17	5	1.16293e-07
17	5.5	1.35654e-07
17	6	1.23235e-07
17	6.5	8.71897e-08
17	7	4.80421e-08
17	7.5	2.0616e-08
17	8	6.88992e-09
17	8.5	1.79329e-09
17	9	3.63506e-10
17	9.5	5.73852e-11
17	10	7.05529e-12
17.5	-10	9.09384e-62
17.5	-9.5	2.11964e-58
17.5	-9	3.84773e-55
17.5	-8.5	5.43967e-52
17.5	-8	5.98918e-49
17.5	-7.5	5.13557e-46
17.5	-7	3.42954e-43
17.5	-6.5	1.78365e-40
17.5	-6	7.22453e-38
17.5	-5.5	2.27896e-35
17.5	-5	5.59872e-33
17.5	-4.5	1.07119e-30
17.5	-4	1.59615e-28
17.5	-3.5	1.85228e-26
17.5	-3	1.67403e-24
17.5	-2.5	1.17828e-22
17.5	-2	6.45893e-21
17.5	-1.5	2.75739e-19
17.5	-1	9.16773e-18
17.5	-0.5	2.37384e-16
17.5	0	4.78706e-15
17.5	0.5	7.51817e-14
17.5	1	9.19563e-13
17.5	1.5	8.75946e-12
17.5	2	6.49829e-11
17.5	2.5	3.75446e-10
17.5	3	1.68936e-09
17.5	3.5	5.92003e-09
17.5	4	1.61567e-08
17.5	4.5	3.43405e-08
17.5	5	5.68442e-08
17.5	5.5	7.32813e-08
17.5	6	7.35744e-08
17.5	6.5	5.75289e-08
17.5	7	3.50326e-08
17.5	7.5	1.66144e-08
17.5	8	6.13654e-09
17.5	8.5	1.76518e-09
17.5	9	3.95439e-10
17.5	9.5	6.89919e-11
17.5	10	9.37437e-12
18	-10	2.09814e-63
18	-9.5	5.40479e-60
18	-9	1.0843e-56
18	-8.5	1.69414e-53
18	-8	2.06145e-50
18	-7.5	1.95354e-47
18	-7	1.44178e-44
18	-6.5	8.2871e-42
18	-6	3.70964e-39
18	-5.5	1.29327e-36
18	-5	3.51132e-34
18	-4.5	7.42471e-32
18	-4	1.22268e-29
18	-3.5	1.56811e-27
18	-3	1.56626e-25
18	-2.5	1.21837e-23
18	-2	7.38106e-22
18	-1.5	3.48246e-20
18	-1	1.27961e-18
18	-0.5	3.66183e-17
18	0	8.16103e-16
18	0.5	1.4165e-14
18	1	1.91477e-13
18	1.5	2.01577e-12
18	2	1.6527e-11
18	2.5	1.05529e-10
18	3	5.24778e-10
18	3.5	2.03239e-09
18	4	6.13004e-09
18	4.5	1.43995e-08
18	5	2.63425e-08
18	5.5	3.75313e-08
18	6	4.16443e-08
18	6.5	3.59869e-08
18	7	2.42192e-08
18	7.5	1.26941e-08
18	8	5.18168e-09
18	8.5	1.64727e-09
18	9	4.07836e-10
18	9.5	7.86382e-11
18	10	1.18088e-11
18.5	-10	4.58943e-65
18.5	-9.5	1.30657e-61
18.5	-9	2.8969e-58
18.5	-8.5	5.0022e-55
18.5	-8	6.72689e-52
18.5	-7.5	7.04522e-49
18.5	-7	5.74647e-46
18.5	-6.5	3.65034e-43
18.5	-6	1.80589e-40
18.5	-5.5	6.95789e-38
18.5	-5	2.0878e-35
18.5	-4.5	4.87897e-33
18.5	-4	8.87958e-31
18.5	-3.5	1.25859e-28
18.5	-3	1.38931e-26
18.5	-2.5	1.19438e-24
18.5	-2	7.99676e-23
18.5	-1.5	4.16976e-21
18.5	-1	1.6933e-19
18.5	-0.5	5.35529e-18
18.5	0	1.31904e-16
18.5	0.5	2.53023e-15
18.5	1	3.77997e-14
18.5	1.5	4.39788e-13
18.5	2	3.98496e-12
18.5	2.5	2.81211e-11
18.5	3	1.54549e-10
18.5	3.5	6.61494e-10
18.5	4	2.20502e-09
18.5	4.5	5.72434e-09
18.5	5	1.15735e-08
18.5	5.5	1.82235e-08
18.5	6	2.23472e-08
18.5	6.5	2.13423e-08
18.5	7	1.5874e-08
18.5	7.5	9.19512e-09
18.5	8	4.14816e-09
18.5	8.5	1.4574e-09
18.5	9	3.98777e-10
18.5	9.5	8.4978e-11
18.5	10	1.41029e-11
19	-10	9.51746e-67
19	-9.5	2.9945e-63
19	-9	7.33762e-60
19	-8.5	1.40027e-56
19	-8	2.08111e-53
19	-7.5	2.40882e-50
19	-7	2.1714e-47
19	-6.5	1.52441e-44
19	-6	8.33471e-42
19	-5.5	3.54899e-39
19	-5	1.17692e-36
19	-4.5	3.03958e-34
19	-4	6.11375e-32
19	-3.5	9.57697e-30
19	-3	1.16836e-27
19	-2.5	1.11006e-25
19	-2	8.21387e-24
19	-1.5	4.7334e-22
19	-1	2.12435e-20
19	-0.5	7.42514e-19
19	0	2.0212e-17
19	0.5	4.2849e-16
19	1	7.07455e-15
19	1.5	9.09668e-14
19	2	9.10948e-13
19	2.5	7.10445e-12
19	3	4.31513e-11
19	3.5	2.04119e-10
19	4	7.51968e-10
19	4.5	2.15746e-09
19	5	4.82071e-09
19	5.5	8.38892e-09
19	6	1.13691e-08
19	6.5	1.19998e-08
19	7	9.86393e-09
19	7.5	6.31467e-09
19	8	3.14831e-09
19	8.5	1.22245e-09
19	9	3.69667e-10
19	9.5	8.70597e-11
19	10	1.5968e-11
19.5	-10	1.8712e-68
19.5	-9.5	6.5066e-65
19.5	-9	1.76203e-61
19.5	-8.5	3.71621e-58
19.5	-8	6.10397e-55
19.5	-7.5	7.8082e-52
19.5	-7	7.77887e-49
19.5	-6.5	6.03542e-46
19.5	-6	3.64692e-43
19.5	-5.5	1.71621e-40
19.5	-5	6.28986e-38
19.5	-4.5	1.7953e-35
19.5	-4	3.99081e-33
19.5	-3.5	6.90893e-31
19.5	-3	9.31509e-29
19.5	-2.5	9.78115e-27
19.5	-2	7.99869e-25
19.5	-1.5	5.09418e-23
19.5	-1	2.52671e-21
19.5	-0.5	9.76032e-20
19.5	0	2.93629e-18
19.5	0.5	6.87954e-17
19.5	1	1.2553e-15
19.5	1.5	1.78386e-14
19.5	2	1.97424e-13
19.5	2.5	1.70164e-12
19.5	3	1.14224e-11
19.5	3.5	5.97143e-11
19.5	4	2.43122e-10
19.5	4.5	7.70896e-10
19.5	5	1.90368e-09
19.5	5.5	3.66116e-09
19.5	6	5.48365e-09
19.5	6.5	6.39657e-09
19.5	7	5.811e-09
19.5	7.5	4.11132e-09
19.5	8	2.26536e-09
19.5	8.5	9.72121e-10
19.5	9	3.24885e-10
19.5	9.5	8.45601e-11
19.5	10	1.71407e-11
20	-10	3.48786e-70
20	-9.5	1.34036e-66
20	-9	4.01153e-63
20	-8.5	9.3503e-60
20	-8	1.69734e-56
20	-7.5	2.39958e-53
20	-7	2.64199e-50
20	-6.5	2.26543e-47
20	-6	1.51286e-44
20	-5.5	7.86815e-42
20	-5	3.18693e-39
20	-4.5	1.00531e-36
20	-4	2.46974e-34
20	-3.5	4.72532e-32
20	-3	7.04104e-30
20	-2.5	8.17088e-28
20	-2	7.38461e-26
20	-1.5	5.19771e-24
20	-1	2.8492e-22
20	-0.5	1.21636e-20
20	0	4.04413e-19
20	0.5	1.04717e-17
20	1	2.1117e-16
20	1.5	3.31646e-15
20	2	4.05643e-14
20	2.5	3.86403e-13
20	3	2.86657e-12
20	3.5	1.65619e-11
20	4	7.45222e-11
20	4.5	2.61148e-10
20	5	7.12713e-10
20	5.5	1.51485e-09
20	6	2.50755e-09
20	6.5	3.23263e-09
20	7	3.24556e-09
20	7.5	2.53775e-09
20	8	1.54538e-09
20	8.5	7.32905e-10
20	9	2.70699e-10
20	9.5	7.78666e-11
20	10	1.74439e-11
