-20	-10	0.00056162
-20	-9.5	0.00123558
-20	-9	0.00221109
-20	-8.5	0.00321849
-20	-8	0.00381071
-20	-7.5	0.00367002
-20	-7	0.00287501
-20	-6.5	0.00183198
-20	-6	0.000949531
-20	-5.5	0.00040032
-20	-5	0.000137282
-20	-4.5	3.82938e-05
-20	-4	8.68866e-06
-20	-3.5	1.60356e-06
-20	-3	2.40728e-07
-20	-2.5	2.93953e-08
-20	-2	2.91969e-09
-20	-1.5	2.35887e-10
-20	-1	1.55017e-11
-20	-0.5	8.28639e-13
-20	0	3.60296e-14
-20	0.5	1.27427e-15
-20	1	3.66584e-17
-20	1.5	8.57816e-19
-20	2	1.63276e-20
-20	2.5	2.5279e-22
-20	3	3.18352e-24
-20	3.5	3.26109e-26
-20	4	2.71723e-28
-20	4.5	1.84162e-30
-20	5	1.01527e-32
-20	5.5	4.55272e-35
-20	6	1.66062e-37
-20	6.5	4.92694e-40
-20	7	1.18903e-42
-20	7.5	2.3341e-45
-20	8	3.72694e-48
-20	8.5	4.84056e-51
-20	9	5.11384e-54
-20	9.5	4.39448e-57
-20	10	3.07168e-60
-19.5	-10	0.000487772
-19.5	-9.5	0.00114543
-19.5	-9	0.0021879
-19.5	-8.5	0.00339936
-19.5	-8	0.0042961
-19.5	-7.5	0.00441632
-19.5	-7	0.0036928
-19.5	-6.5	0.00251165
-19.5	-6	0.00138954
-19.5	-5.5	0.000625307
-19.5	-5	0.000228888
-19.5	-4.5	6.81494e-05
-19.5	-4	1.65048e-05
-19.5	-3.5	3.25137e-06
-19.5	-3	5.20992e-07
-19.5	-2.5	6.79055e-08
-19.5	-2	7.19925e-09
-19.5	-1.5	6.20839e-10
-19.5	-1	4.35491e-11
-19.5	-0.5	2.48478e-12
-19.5	0	1.1532e-13
-19.5	0.5	4.35343e-15
-19.5	1	1.3368e-16
-19.5	1.5	3.33895e-18
-19.5	2	6.78364e-20
-19.5	2.5	1.12105e-21
-19.5	3	1.50693e-23
-19.5	3.5	1.64768e-25
-19.5	4	1.46541e-27
-19.5	4.5	1.06012e-29
-19.5	5	6.23823e-32
-19.5	5.5	2.9859e-34
-19.5	6	1.16251e-36
-19.5	6.5	3.68154e-39
-19.5	7	9.48351e-42
-19.5	7.5	1.98709e-44
-19.5	8	3.38669e-47
-19.5	8.5	4.69507e-50
-19.5	9	5.2944e-53
-19.5	9.5	4.85624e-56
-19.5	10	3.6232e-59
-19	-10	0.000412278
-19	-9.5	0.00103339
-19	-9	0.00210692
-19	-8.5	0.00349414
-19	-8	0.00471348
-19	-7.5	0.00517192
-19	-7	0.00461605
-19	-6.5	0.00335118
-19	-6	0.00197894
-19	-5.5	0.000950558
-19	-5	0.000371392
-19	-4.5	0.000118031
-19	-4	3.05116e-05
-19	-3.5	6.41572e-06
-19	-3	1.09732e-06
-19	-2.5	1.52662e-07
-19	-2	1.72758e-08
-19	-1.5	1.5902e-09
-19	-1	1.19063e-10
-19	-0.5	7.25117e-12
-19	0	3.59211e-13
-19	0.5	1.44743e-14
-19	1	4.74414e-16
-19	1.5	1.26481e-17
-19	2	2.74284e-19
-19	2.5	4.83822e-21
-19	3	6.94192e-23
-19	3.5	8.1018e-25
-19	4	7.69118e-27
-19	4.5	5.93899e-29
-19	5	3.73028e-31
-19	5.5	1.90581e-33
-19	6	7.91999e-36
-19	6.5	2.67719e-38
-19	7	7.3611e-41
-19	7.5	1.64632e-43
-19	8	2.995e-46
-19	8.5	4.43186e-49
-19	9	5.33439e-52
-19	9.5	5.22266e-55
-19	10	4.15918e-58
-18.5	-10	0.000339126
-18.5	-9.5	0.000907318
-18.5	-9	0.00197454
-18.5	-8.5	0.00349529
-18.5	-8	0.00503277
-18.5	-7.5	0.00589442
-18.5	-7	0.00561543
-18.5	-6.5	0.00435145
-18.5	-6	0.0027428
-18.5	-5.5	0.00140625
-18.5	-5	0.000586461
-18.5	-4.5	0.000198941
-18.5	-4	5.48933e-05
-18.5	-3.5	1.23204e-05
-18.5	-3	2.24924e-06
-18.5	-2.5	3.34007e-07
-18.5	-2	4.03446e-08
-18.5	-1.5	3.96391e-09
-18.5	-1	3.1679e-10
-18.5	-0.5	2.05934e-11
-18.5	0	1.08891e-12
-18.5	0.5	4.68344e-14
-18.5	1	1.6385e-15
-18.5	1.5	4.66271e-17
-18.5	2	1.07929e-18
-18.5	2.5	2.03211e-20
-18.5	3	3.11217e-22
-18.5	3.5	3.87694e-24
-18.5	4	3.92847e-26
-18.5	4.5	3.23793e-28
-18.5	5	2.1708e-30
-18.5	5.5	1.18381e-32
-18.5	6	5.25109e-35
-18.5	6.5	1.89465e-37
-18.5	7	5.56052e-40
-18.5	7.5	1.32743e-42
-18.5	8	2.5776e-45
-18.5	8.5	4.07126e-48
-18.5	9	5.2306e-51
-18.5	9.5	5.46616e-54
-18.5	10	4.64645e-57
-18	-10	0.000271476
-18	-9.5	0.000775271
-18	-9	0.00180088
-18	-8.5	0.0034027
-18	-8	0.00522964
-18	-7.5	0.00653775
-18	-7	0.00664805
-18	-6.5	0.00549881
-18	-6	0.00369958
-18	-5.5	0.00202462
-18	-5	0.000901249
-18	-4.5	0.000326328
-18	-4	9.61108e-05
-18	-3.5	2.3025e-05
-18	-3	4.48678e-06
-18	-2.5	7.1118e-07
-18	-2	9.16923e-08
-18	-1.5	9.616e-09
-18	-1	8.20286e-10
-18	-0.5	5.69174e-11
-18	0	3.21242e-12
-18	0.5	1.47479e-13
-18	1	5.50726e-15
-18	1.5	1.67282e-16
-18	2	4.13307e-18
-18	2.5	8.30625e-20
-18	3	1.35783e-21
-18	3.5	1.80549e-23
-18	4	1.95278e-25
-18	4.5	1.71799e-27
-18	5	1.22941e-29
-18	5.5	7.15617e-32
-18	6	3.38824e-34
-18	6.5	1.30489e-36
-18	7	4.08777e-39
-18	7.5	1.04161e-41
-18	8	2.15891e-44
-18	8.5	3.63974e-47
-18	9	4.99133e-50
-18	9.5	5.56763e-53
-18	10	5.05166e-56
-17.5	-10	0.000211495
-17.5	-9.5	0.000644682
-17.5	-9	0.00159845
-17.5	-8.5	0.00322376
-17.5	-8	0.00528852
-17.5	-7.5	0.00705692
-17.5	-7	0.00765957
-17.5	-6.5	0.00676242
-17.5	-6	0.00485634
-17.5	-5.5	0.00283677
-17.5	-5	0.00134787
-17.5	-4.5	0.000520933
-17.5	-4	0.000163766
-17.5	-3.5	4.18769e-05
-17.5	-3	8.7103e-06
-17.5	-2.5	1.47367e-06
-17.5	-2	2.02805e-07
-17.5	-1.5	2.2702e-08
-17.5	-1	2.06708e-09
-17.5	-0.5	1.53095e-10
-17.5	0	9.22301e-12
-17.5	0.5	4.51953e-13
-17.5	1	1.80145e-14
-17.5	1.5	5.84064e-16
-17.5	2	1.54031e-17
-17.5	2.5	3.30417e-19
-17.5	3	5.76536e-21
-17.5	3.5	8.18276e-23
-17.5	4	9.44673e-25
-17.5	4.5	8.87099e-27
-17.5	5	6.77596e-29
-17.5	5.5	4.20997e-31
-17.5	6	2.12763e-33
-17.5	6.5	8.74624e-36
-17.5	7	2.92453e-38
-17.5	7.5	7.95424e-41
-17.5	8	1.75975e-43
-17.5	8.5	3.16673e-46
-17.5	9	4.63532e-49
-17.5	9.5	5.51897e-52
-17.5	10	5.34496e-55
-17	-10	0.000160349
-17	-9.5	0.000521718
-17	-9	0.00138075
-17	-8.5	0.00297235
-17	-8	0.0052047
-17	-7.5	0.0074131
-17	-7	0.00858841
-17	-6.5	0.00809346
-17	-6	0.0062039
-17	-5.5	0.00386815
-17	-5	0.00196178
-17	-4.5	0.000809297
-17	-4	0.000271565
-17	-3.5	7.4122e-05
-17	-3	1.64562e-05
-17	-2.5	2.97181e-06
-17	-2	4.36538e-07
-17	-1.5	5.21592e-08
-17	-1	5.06931e-09
-17	-0.5	4.00752e-10
-17	0	2.57698e-11
-17	0.5	1.34789e-12
-17	1	5.73466e-14
-17	1.5	1.98458e-15
-17	2	5.58649e-17
-17	2.5	1.27914e-18
-17	3	2.38235e-20
-17	3.5	3.60913e-22
-17	4	4.44742e-24
-17	4.5	4.45781e-26
-17	5	3.6345e-28
-17	5.5	2.41033e-30
-17	6	1.30022e-32
-17	6.5	5.70513e-35
-17	7	2.03621e-37
-17	7.5	5.91139e-40
-17	8	1.39593e-42
-17	8.5	2.68132e-45
-17	9	4.1893e-48
-17	9.5	5.32407e-51
-17	10	5.50369e-54
-16.5	-10	0.000118313
-16.5	-9.5	0.00041089
-16.5	-9	0.00116072
-16.5	-8.5	0.00266708
-16.5	-8	0.00498489
-16.5	-7.5	0.0075785
-16.5	-7	0.00937173
-16.5	-6.5	0.00942681
-16.5	-6	0.00771292
-16.5	-5.5	0.00513312
-16.5	-5	0.00277877
-16.5	-4.5	0.00122358
-16.5	-4	0.00043825
-16.5	-3.5	0.000127679
-16.5	-3	3.0257e-05
-16.5	-2.5	5.83231e-06
-16.5	-2	9.14459e-07
-16.5	-1.5	1.16626e-07
-16.5	-1	1.20987e-08
-16.5	-0.5	1.02091e-09
-16.5	0	7.00725e-11
-16.5	0.5	3.91215e-12
-16.5	1	1.77661e-13
-16.5	1.5	6.56261e-15
-16.5	2	1.97183e-16
-16.5	2.5	4.81918e-18
-16.5	3	9.58041e-20
-16.5	3.5	1.54919e-21
-16.5	4	2.03767e-23
-16.5	4.5	2.18007e-25
-16.5	5	1.89722e-27
-16.5	5.5	1.34299e-29
-16.5	6	7.73278e-32
-16.5	6.5	3.62167e-34
-16.5	7	1.37972e-36
-16.5	7.5	4.27543e-39
-16.5	8	1.07765e-41
-16.5	8.5	2.20946e-44
-16.5	9	3.6847e-47
-16.5	9.5	4.99836e-50
-16.5	10	5.5152e-53
-16	-10	8.49565e-05
-16	-9.5	0.000314929
-16	-9	0.000949594
-16	-8.5	0.00232901
-16	-8	0.00464637
-16	-7.5	0.00753989
-16	-7	0.00995234
-16	-6.5	0.0106855
-16	-6	0.00933192
-16	-5.5	0.00662914
-16	-5	0.00383047
-16	-4.5	0.00180035
-16	-4	0.000688285
-16	-3.5	0.000214037
-16	-3	5.41401e-05
-16	-2.5	1.11393e-05
-16	-2	1.86426e-06
-16	-1.5	2.53782e-07
-16	-1	2.81013e-08
-16	-0.5	2.53105e-09
-16	0	1.85431e-10
-16	0.5	1.10503e-11
-16	1	5.35641e-13
-16	1.5	2.11194e-14
-16	2	6.77329e-16
-16	2.5	1.76696e-17
-16	3	3.74939e-19
-16	3.5	6.47149e-21
-16	4	9.08566e-23
-16	4.5	1.03757e-24
-16	5	9.63802e-27
-16	5.5	7.28226e-29
-16	6	4.47563e-31
-16	6.5	2.23743e-33
-16	7	9.09818e-36
-16	7.5	3.00932e-38
-16	8	8.09638e-41
-16	8.5	1.77183e-43
-16	9	3.154e-46
-16	9.5	4.56678e-49
-16	10	5.37858e-52
-15.5	-10	5.93689e-05
-15.5	-9.5	0.000234909
-15.5	-9	0.000756045
-15.5	-8.5	0.00197927
-15.5	-8	0.00421474
-15.5	-7.5	0.00730038
-15.5	-7	0.0102856
-15.5	-6.5	0.0117875
-15.5	-6	0.0109881
-15.5	-5.5	0.00833167
-15.5	-5	0.00513867
-15.5	-4.5	0.00257797
-15.5	-4	0.00105199
-15.5	-3.5	0.000349187
-15.5	-3	9.42783e-05
-15.5	-2.5	2.07049e-05
-15.5	-2	3.69866e-06
-15.5	-1.5	5.37433e-07
-15.5	-1	6.35204e-08
-15.5	-0.5	6.10675e-09
-15.5	0	4.77547e-10
-15.5	0.5	3.0376e-11
-15.5	1	1.57164e-12
-15.5	1.5	6.61434e-14
-15.5	2	2.26427e-15
-15.5	2.5	6.30489e-17
-15.5	3	1.42802e-18
-15.5	3.5	2.63089e-20
-15.5	4	3.94256e-22
-15.5	4.5	4.80578e-24
-15.5	5	4.76493e-26
-15.5	5.5	3.8429e-28
-15.5	6	2.52098e-30
-15.5	6.5	1.34521e-32
-15.5	7	5.83873e-35
-15.5	7.5	2.06137e-37
-15.5	8	5.91972e-40
-15.5	8.5	1.38279e-42
-15.5	9	2.62736e-45
-15.5	9.5	4.06061e-48
-15.5	10	5.10473e-51
-15	-10	4.03757e-05
-15	-9.5	0.000170523
-15	-9	0.000585809
-15	-8.5	0.00163695
-15	-8	0.00372071
-15	-7.5	0.00687899
-15	-7	0.010345
-15	-6.5	0.0126546
-15	-6	0.0125913
-15	-5.5	0.0101907
-15	-5	0.00670883
-15	-4.5	0.00359251
-15	-4	0.00156479
-15	-3.5	0.000554403
-15	-3	0.000159773
-15	-2.5	3.74532e-05
-15	-2	7.14139e-06
-15	-1.5	1.10761e-06
-15	-1	1.39733e-07
-15	-0.5	1.4339e-08
-15	0	1.19687e-09
-15	0.5	8.12619e-11
-15	1	4.4878e-12
-15	1.5	2.016e-13
-15	2	7.36638e-15
-15	2.5	2.18941e-16
-15	3	5.29309e-18
-15	3.5	1.04088e-19
-15	4	1.66494e-21
-15	4.5	2.16625e-23
-15	5	2.29258e-25
-15	5.5	1.97356e-27
-15	6	1.38193e-29
-15	6.5	7.87097e-32
-15	7	3.64653e-34
-15	7.5	1.37417e-36
-15	8	4.21221e-39
-15	8.5	1.05024e-41
-15	9	2.12998e-44
-15	9.5	3.51375e-47
-15	10	4.71494e-50
-14.5	-10	2.67227e-05
-14.5	-9.5	0.000120467
-14.5	-9	0.000441736
-14.5	-8.5	0.00131755
-14.5	-8	0.00319654
-14.5	-7.5	0.00630815
-14.5	-7	0.0101259
-14.5	-6.5	0.0132212
-14.5	-6	0.0140417
-14.5	-5.5	0.0121304
-14.5	-5	0.00852398
-14.5	-4.5	0.0048721
-14.5	-4	0.00226516
-14.5	-3.5	0.000856627
-14.5	-3	0.000263507
-14.5	-2.5	6.59328e-05
-14.5	-2	1.3419e-05
-14.5	-1.5	2.2215e-06
-14.5	-1	2.99145e-07
-14.5	-0.5	3.27662e-08
-14.5	0	2.9193e-09
-14.5	0.5	2.11564e-10
-14.5	1	1.24713e-11
-14.5	1.5	5.97986e-13
-14.5	2	2.33227e-14
-14.5	2.5	7.39905e-16
-14.5	3	1.90933e-17
-14.5	3.5	4.0077e-19
-14.5	4	6.84256e-21
-14.5	4.5	9.50278e-23
-14.5	5	1.07347e-24
-14.5	5.5	9.86371e-27
-14.5	6	7.37222e-29
-14.5	6.5	4.48193e-31
-14.5	7	2.21636e-33
-14.5	7.5	8.91507e-36
-14.5	8	2.91688e-38
-14.5	8.5	7.76282e-41
-14.5	9	1.68047e-43
-14.5	9.5	2.95903e-46
-14.5	10	4.23816e-49
-14	-10	1.72123e-05
-14	-9.5	8.28226e-05
-14	-9	0.000324166
-14	-8.5	0.00103204
-14	-8	0.00267259
-14	-7.5	0.0056296
-14	-7	0.00964566
-14	-6.5	0.013443
-14	-6	0.0152394
-14	-5.5	0.0140523
-14	-5	0.0105399
-14	-4.5	0.00643034
-14	-4	0.0031911
-14	-3.5	0.00128812
-14	-3	0.000422941
-14	-2.5	0.000112957
-14	-2	2.45389e-05
-14	-1.5	4.33616e-06
-14	-1	6.23252e-07
-14	-0.5	7.28672e-08
-14	0	6.92961e-09
-14	0.5	5.36036e-10
-14	1	3.37278e-11
-14	1.5	1.7262e-12
-14	2	7.18625e-14
-14	2.5	2.43345e-15
-14	3	6.70273e-17
-14	3.5	1.50172e-18
-14	4	2.73676e-20
-14	4.5	4.05688e-22
-14	5	4.89165e-24
-14	5.5	4.79765e-26
-14	6	3.82746e-28
-14	6.5	2.48371e-30
-14	7	1.31099e-32
-14	7.5	5.62869e-35
-14	8	1.96573e-37
-14	8.5	5.58405e-40
-14	9	1.29028e-42
-14	9.5	2.42508e-45
-14	10	3.70747e-48
-13.5	-10	1.07893e-05
-13.5	-9.5	5.54152e-05
-13.5	-9	0.000231511
-13.5	-8.5	0.000786725
-13.5	-8	0.00217462
-13.5	-7.5	0.00488936
-13.5	-7	0.0089419
-13.5	-6.5	0.013302
-13.5	-6	0.0160958
-13.5	-5.5	0.0158422
-13.5	-5	0.0126832
-13.5	-4.5	0.00825942
-13.5	-4	0.00437502
-13.5	-3.5	0.00188503
-13.5	-3	0.000660643
-13.5	-2.5	0.000188331
-13.5	-2	4.36705e-05
-13.5	-1.5	8.23687e-06
-13.5	-1	1.2637e-06
-13.5	-0.5	1.57702e-07
-13.5	0	1.6008e-08
-13.5	0.5	1.32174e-09
-13.5	1	8.87693e-11
-13.5	1.5	4.84941e-12
-13.5	2	2.15489e-13
-13.5	2.5	7.78876e-15
-13.5	3	2.28992e-16
-13.5	3.5	5.47624e-18
-13.5	4	1.06525e-19
-13.5	4.5	1.68551e-21
-13.5	5	2.1693e-23
-13.5	5.5	2.27099e-25
-13.5	6	1.93384e-27
-13.5	6.5	1.33947e-29
-13.5	7	7.5467e-32
-13.5	7.5	3.45851e-34
-13.5	8	1.28923e-36
-13.5	8.5	3.90911e-39
-13.5	9	9.64129e-42
-13.5	9.5	1.9342e-44
-13.5	10	3.15629e-47
-13	-10	6.58189e-06
-13	-9.5	3.60834e-05
-13	-9	0.000160907
-13	-8.5	0.000583645
-13	-8	0.001722
-13	-7.5	0.00413262
-13	-7	0.00806727
-13	-6.5	0.0128096
-13	-6	0.0165446
-13	-5.5	0.0173813
-13	-5	0.0148532
-13	-4.5	0.0103244
-13	-4	0.00583738
-13	-3.5	0.0026846
-13	-3	0.00100427
-13	-2.5	0.000305585
-13	-2	7.56345e-05
-13	-1.5	1.52271e-05
-13	-1	2.49358e-06
-13	-0.5	3.32154e-07
-13	0	3.59884e-08
-13	0.5	3.17172e-09
-13	1	2.27372e-10
-13	1.5	1.32583e-11
-13	2	6.28847e-13
-13	2.5	2.42612e-14
-13	3	7.61358e-16
-13	3.5	1.94345e-17
-13	4	4.03522e-19
-13	4.5	6.81506e-21
-13	5	9.36227e-23
-13	5.5	1.04617e-24
-13	6	9.50889e-27
-13	6.5	7.03019e-29
-13	7	4.22779e-31
-13	7.5	2.06808e-33
-13	8	8.22871e-36
-13	8.5	2.6632e-38
-13	9	7.01109e-41
-13	9.5	1.50133e-43
-13	10	2.61501e-46
-12.5	-10	3.90755e-06
-12.5	-9.5	2.28657e-05
-12.5	-9	0.000108837
-12.5	-8.5	0.00042138
-12.5	-8	0.00132703
-12.5	-7.5	0.00339936
-12.5	-7	0.00708307
-12.5	-6.5	0.0120048
-12.5	-6	0.01655
-12.5	-5.5	0.0185587
-12.5	-5	0.0169281
-12.5	-4.5	0.0125596
-12.5	-4	0.00757974
-12.5	-3.5	0.00372083
-12.5	-3	0.00148571
-12.5	-2.5	0.000482546
-12.5	-2	0.000127483
-12.5	-1.5	2.7395e-05
-12.5	-1	4.78852e-06
-12.5	-0.5	6.80832e-07
-12.5	0	7.87386e-08
-12.5	0.5	7.40702e-09
-12.5	1	5.66772e-10
-12.5	1.5	3.52762e-11
-12.5	2	1.78593e-12
-12.5	2.5	7.35453e-14
-12.5	3	2.46351e-15
-12.5	3.5	6.71218e-17
-12.5	4	1.48758e-18
-12.5	4.5	2.68168e-20
-12.5	5	3.93225e-22
-12.5	5.5	4.69013e-24
-12.5	6	4.55027e-26
-12.5	6.5	3.59086e-28
-12.5	7	2.30498e-30
-12.5	7.5	1.2035e-32
-12.5	8	5.11133e-35
-12.5	8.5	1.76575e-37
-12.5	9	4.96174e-40
-12.5	9.5	1.13409e-42
-12.5	10	2.10848e-45
-12	-10	2.25765e-06
-12	-9.5	1.41014e-05
-12	-9	7.16431e-05
-12	-8.5	0.000296071
-12	-8	0.000995239
-12	-7.5	0.00272124
-12	-7	0.00605223
-12	-6.5	0.0109489
-12	-6	0.0161116
-12	-5.5	0.0192847
-12	-5	0.0187757
-12	-4.5	0.0148692
-12	-4	0.00957831
-12	-3.5	0.00501879
-12	-3	0.00213903
-12	-2.5	0.000741556
-12	-2	0.000209112
-12	-1.5	4.7965e-05
-12	-1	8.94907e-06
-12	-0.5	1.35813e-06
-12	0	1.67653e-07
-12	0.5	1.68341e-08
-12	1	1.37492e-09
-12	1.5	9.13431e-11
-12	2	4.93607e-12
-12	2.5	2.16968e-13
-12	3	7.75746e-15
-12	3.5	2.25606e-16
-12	4	5.33694e-18
-12	4.5	1.02693e-19
-12	5	1.60731e-21
-12	5.5	2.04629e-23
-12	6	2.11906e-25
-12	6.5	1.78496e-27
-12	7	1.22298e-29
-12	7.5	6.8159e-32
-12	8	3.08982e-34
-12	8.5	1.13934e-36
-12	9	3.41729e-39
-12	9.5	8.33717e-42
-12	10	1.65449e-44
-11.5	-10	1.26943e-06
-11.5	-9.5	8.46321e-06
-11.5	-9	4.58957e-05
-11.5	-8.5	0.00020245
-11.5	-8	0.000726394
-11.5	-7.5	0.00212
-11.5	-7	0.00503277
-11.5	-6.5	0.00971825
-11.5	-6	0.0152643
-11.5	-5.5	0.0195018
-11.5	-5	0.0202667
-11.5	-4.5	0.0171316
-11.5	-4	0.0117794
-11.5	-3.5	0.00658803
-11.5	-3	0.00299707
-11.5	-2.5	0.00110904
-11.5	-2	0.000333816
-11.5	-1.5	8.17289e-05
-11.5	-1	1.62762e-05
-11.5	-0.5	2.63656e-06
-11.5	0	3.47402e-07
-11.5	0.5	3.72337e-08
-11.5	1	3.24599e-09
-11.5	1.5	2.3018e-10
-11.5	2	1.32769e-11
-11.5	2.5	6.22925e-13
-11.5	3	2.37729e-14
-11.5	3.5	7.37969e-16
-11.5	4	1.86339e-17
-11.5	4.5	3.82715e-19
-11.5	5	6.39378e-21
-11.5	5.5	8.68857e-23
-11.5	6	9.6039e-25
-11.5	6.5	8.63487e-27
-11.5	7	6.31499e-29
-11.5	7.5	3.75663e-31
-11.5	8	1.81774e-33
-11.5	8.5	7.15444e-36
-11.5	9	2.29049e-38
-11.5	9.5	5.96469e-41
-11.5	10	1.26345e-43
-11	-10	6.94635e-07
-11	-9.5	4.9432e-06
-11	-9	2.86133e-05
-11	-8.5	0.000134722
-11	-8	0.00051596
-11	-7.5	0.00160732
-11	-7	0.00407285
-11	-6.5	0.00839464
-11	-6	0.0140739
-11	-5.5	0.0191927
-11	-5	0.0212896
-11	-4.5	0.0192091
-11	-4	0.0140979
-11	-3.5	0.00841611
-11	-3	0.00408674
-11	-2.5	0.00161418
-11	-2	0.000518602
-11	-1.5	0.000135527
-11	-1	2.88088e-05
-11	-0.5	4.98121e-06
-11	0	7.00572e-07
-11	0.5	8.01456e-08
-11	1	7.45788e-09
-11	1.5	5.64494e-10
-11	2	3.47546e-11
-11	2.5	1.7405e-12
-11	3	7.08997e-14
-11	3.5	2.34922e-15
-11	4	6.33157e-17
-11	4.5	1.38806e-18
-11	5	2.47522e-20
-11	5.5	3.59027e-22
-11	6	4.23595e-24
-11	6.5	4.0652e-26
-11	7	3.17338e-28
-11	7.5	2.01499e-30
-11	8	1.04071e-32
-11	8.5	4.37216e-35
-11	9	1.49407e-37
-11	9.5	4.15294e-40
-11	10	9.38964e-43
-10.5	-10	3.69917e-07
-10.5	-9.5	2.80983e-06
-10.5	-9	1.73606e-05
-10.5	-8.5	8.72482e-05
-10.5	-8	0.000356663
-10.5	-7.5	0.00118595
-10.5	-7	0.00320765
-10.5	-6.5	0.00705692
-10.5	-6	0.0126285
-10.5	-5.5	0.0183822
-10.5	-5	0.0217646
-10.5	-4.5	0.0209611
-10.5	-4	0.0164204
-10.5	-3.5	0.0104632
-10.5	-3	0.00542318
-10.5	-2.5	0.0022864
-10.5	-2	0.000784077
-10.5	-1.5	0.000218713
-10.5	-1	4.96247e-05
-10.5	-0.5	9.15863e-06
-10.5	0	1.3749e-06
-10.5	0.5	1.67889e-07
-10.5	1	1.66756e-08
-10.5	1.5	1.34725e-09
-10.5	2	8.85371e-11
-10.5	2.5	4.73272e-12
-10.5	3	2.05781e-13
-10.5	3.5	7.27792e-15
-10.5	4	2.09372e-16
-10.5	4.5	4.89936e-18
-10.5	5	9.32541e-20
-10.5	5.5	1.4438e-21
-10.5	6	1.81824e-23
-10.5	6.5	1.86255e-25
-10.5	7	1.55193e-27
-10.5	7.5	1.05183e-29
-10.5	8	5.79863e-32
-10.5	8.5	2.60025e-34
-10.5	9	9.4845e-37
-10.5	9.5	2.81399e-39
-10.5	10	6.79108e-42
-10	-10	1.91713e-07
-10	-9.5	1.55435e-06
-10	-9	1.02508e-05
-10	-8.5	5.49887e-05
-10	-8	0.000239938
-10	-7.5	0.000851593
-10	-7	0.00245853
-10	-6.5	0.00577333
-10	-6	0.0110277
-10	-5.5	0.0171339
-10	-5	0.0216537
-10	-4.5	0.0222597
-10	-4	0.0186129
-10	-3.5	0.0126595
-10	-3	0.00700375
-10	-2.5	0.00315175
-10	-2	0.00115367
-10	-1.5	0.000343495
-10	-1	8.31894e-05
-10	-0.5	1.63879e-05
-10	0	2.62597e-06
-10	0.5	3.42266e-07
-10	1	3.62866e-08
-10	1.5	3.12923e-09
-10	2	2.19501e-10
-10	2.5	1.25241e-11
-10	3	5.8125e-13
-10	3.5	2.19427e-14
-10	4	6.7379e-16
-10	4.5	1.68294e-17
-10	5	3.41917e-19
-10	5.5	5.65044e-21
-10	6	7.59543e-23
-10	6.5	8.30483e-25
-10	7	7.38616e-27
-10	7.5	5.34336e-29
-10	8	3.14427e-31
-10	8.5	1.50499e-33
-10	9	5.85944e-36
-10	9.5	1.85561e-38
-10	10	4.77999e-41
-9.5	-10	9.66931e-08
-9.5	-9.5	8.36793e-07
-9.5	-9	5.89046e-06
-9.5	-8.5	3.37279e-05
-9.5	-8	0.000157086
-9.5	-7.5	0.000595107
-9.5	-7	0.00183384
-9.5	-6.5	0.00459659
-9.5	-6	0.00937173
-9.5	-5.5	0.0155422
-9.5	-5	0.0209659
-9.5	-4.5	0.023005
-9.5	-4	0.0205325
-9.5	-3.5	0.0149063
-9.5	-3	0.00880248
-9.5	-2.5	0.00422814
-9.5	-2	0.00165197
-9.5	-1.5	0.000525008
-9.5	-1	0.000135718
-9.5	-0.5	2.85376e-05
-9.5	0	4.88096e-06
-9.5	0.5	6.79051e-07
-9.5	1	7.68438e-08
-9.5	1.5	7.07332e-09
-9.5	2	5.29599e-10
-9.5	2.5	3.22537e-11
-9.5	3	1.59779e-12
-9.5	3.5	6.43829e-14
-9.5	4	2.11023e-15
-9.5	4.5	5.62596e-17
-9.5	5	1.22004e-18
-9.5	5.5	2.15207e-20
-9.5	6	3.08781e-22
-9.5	6.5	3.60374e-24
-9.5	7	3.42109e-26
-9.5	7.5	2.6417e-28
-9.5	8	1.65925e-30
-9.5	8.5	8.47715e-33
-9.5	9	3.52286e-35
-9.5	9.5	1.19083e-37
-9.5	10	3.27427e-40
-9	-10	4.74612e-08
-9	-9.5	4.38415e-07
-9	-9	3.29412e-06
-9	-8.5	2.01327e-05
-9	-8	0.000100086
-9	-7.5	0.000404721
-9	-7	0.00133121
-9	-6.5	0.00356159
-9	-6	0.00775089
-9	-5.5	0.0137204
-9	-5	0.0197557
-9	-4.5	0.023138
-9	-4	0.0220428
-9	-3.5	0.0170812
-9	-3	0.0107666
-9	-2.5	0.00552009
-9	-2	0.0023021
-9	-1.5	0.000780925
-9	-1	0.000215479
-9	-0.5	4.83624e-05
-9	0	8.82917e-06
-9	0.5	1.31111e-06
-9	1	1.58369e-07
-9	1.5	1.556e-08
-9	2	1.24353e-09
-9	2.5	8.08373e-11
-9	3	4.27441e-12
-9	3.5	1.83844e-13
-9	4	6.43179e-15
-9	4.5	1.8303e-16
-9	5	4.23665e-18
-9	5.5	7.97684e-20
-9	6	1.22165e-21
-9	6.5	1.52186e-23
-9	7	1.54209e-25
-9	7.5	1.27102e-27
-9	8	8.52126e-30
-9	8.5	4.64692e-32
-9	9	2.06127e-34
-9	9.5	7.43726e-37
-9	10	2.18273e-39
-8.5	-10	2.26715e-08
-8.5	-9.5	2.23538e-07
-8.5	-9	1.79279e-06
-8.5	-8.5	1.16954e-05
-8.5	-8	6.20599e-05
-8.5	-7.5	0.000267865
-8.5	-7	0.000940436
-8.5	-6.5	0.00268566
-8.5	-6	0.00623852
-8.5	-5.5	0.0117875
-8.5	-5	0.0181163
-8.5	-4.5	0.0226478
-8.5	-4	0.0230299
-8.5	-3.5	0.0190488
-8.5	-3	0.0128159
-8.5	-2.5	0.00701361
-8.5	-2	0.00312207
-8.5	-1.5	0.00113045
-8.5	-1	0.000332943
-8.5	-0.5	7.97622e-05
-8.5	0	1.55429e-05
-8.5	0.5	2.46364e-06
-8.5	1	3.17636e-07
-8.5	1.5	3.33114e-08
-8.5	2	2.8416e-09
-8.5	2.5	1.97171e-10
-8.5	3	1.11283e-11
-8.5	3.5	5.1089e-13
-8.5	4	1.9078e-14
-8.5	4.5	5.79492e-16
-8.5	5	1.43176e-17
-8.5	5.5	2.87742e-19
-8.5	6	4.70374e-21
-8.5	6.5	6.2545e-23
-8.5	7	6.76474e-25
-8.5	7.5	5.95138e-27
-8.5	8	4.25886e-29
-8.5	8.5	2.47901e-31
-8.5	9	1.17374e-33
-8.5	9.5	4.52036e-36
-8.5	10	1.41607e-38
-8	-10	1.05395e-08
-8	-9.5	1.10921e-07
-8	-9	9.49546e-07
-8	-8.5	6.61191e-06
-8	-8	3.74495e-05
-8	-7.5	0.000172534
-8	-7	0.000646563
-8	-6.5	0.00197086
-8	-6	0.00488664
-8	-5.5	0.00985539
-8	-5	0.0161676
-8	-4.5	0.0215738
-8	-4	0.0234161
-8	-3.5	0.0206735
-8	-3	0.0148464
-8	-2.5	0.00867232
-8	-2	0.00412059
-8	-1.5	0.00159255
-8	-1	0.00050065
-8	-0.5	0.000128022
-8	0	2.66283e-05
-8	0.5	4.50518e-06
-8	1	6.19996e-07
-8	1.5	6.94024e-08
-8	2	6.3193e-09
-8	2.5	4.68028e-10
-8	3	2.81957e-11
-8	3.5	1.38167e-12
-8	4	5.50723e-14
-8	4.5	1.78555e-15
-8	5	4.70888e-17
-8	5.5	1.01012e-18
-8	6	1.76253e-20
-8	6.5	2.50156e-22
-8	7	2.88797e-24
-8	7.5	2.71196e-26
-8	8	2.07149e-28
-8	8.5	1.28703e-30
-8	9	6.50439e-33
-8	9.5	2.67382e-35
-8	10	8.9406e-38
-7.5	-10	4.76826e-09
-7.5	-9.5	5.35645e-08
-7.5	-9	4.89443e-07
-7.5	-8.5	3.63778e-06
-7.5	-8	2.19927e-05
-7.5	-7.5	0.000108151
-7.5	-7	0.000432605
-7.5	-6.5	0.00140754
-7.5	-6	0.0037251
-7.5	-5.5	0.00801908
-7.5	-5	0.0140417
-7.5	-4.5	0.0199997
-7.5	-4	0.0231706
-7.5	-3.5	0.0218353
-7.5	-3	0.0167374
-7.5	-2.5	0.0104358
-7.5	-2	0.00529268
-7.5	-1.5	0.00218339
-7.5	-1	0.000732651
-7.5	-0.5	0.000199973
-7.5	0	4.43971e-05
-7.5	0.5	8.01763e-06
-7.5	1	1.17773e-06
-7.5	1.5	1.4072e-07
-7.5	2	1.36764e-08
-7.5	2.5	1.08118e-09
-7.5	3	6.9524e-11
-7.5	3.5	3.63646e-12
-7.5	4	1.54715e-13
-7.5	4.5	5.35418e-15
-7.5	5	1.50717e-16
-7.5	5.5	3.45098e-18
-7.5	6	6.42733e-20
-7.5	6.5	9.73704e-22
-7.5	7	1.19986e-23
-7.5	7.5	1.20267e-25
-7.5	8	9.80548e-28
-7.5	8.5	6.5028e-30
-7.5	9	3.50785e-32
-7.5	9.5	1.53918e-34
-7.5	10	5.49348e-37
-7	-10	2.09941e-09
-7	-9.5	2.51732e-08
-7	-9	2.4552e-07
-7	-8.5	1.9478e-06
-7	-8	1.25693e-05
-7	-7.5	6.5976e-05
-7	-7	0.000281689
-7	-6.5	0.000978279
-7	-6	0.00276353
-7	-5.5	0.00635
-7	-5	0.0118684
-7	-4.5	0.0180435
-7	-4	0.0223129
-7	-3.5	0.0224441
-7	-3	0.0183635
-7	-2.5	0.0122213
-7	-2	0.00661591
-7	-1.5	0.0029132
-7	-1	0.00104342
-7	-0.5	0.000303988
-7	0	7.20382e-05
-7	0.5	1.3886e-05
-7	1	2.17722e-06
-7	1.5	2.77673e-07
-7	2	2.88055e-08
-7	2.5	2.43067e-09
-7	3	1.66834e-10
-7	3.5	9.31434e-12
-7	4	4.22989e-13
-7	4.5	1.56248e-14
-7	5	4.6947e-16
-7	5.5	1.14739e-17
-7	6	2.28098e-19
-7	6.5	3.68843e-21
-7	7	4.85144e-23
-7	7.5	5.19049e-25
-7	8	4.51704e-27
-7	8.5	3.19749e-29
-7	9	1.84108e-31
-7	9.5	8.62275e-34
-7	10	3.28494e-36
-6.5	-10	8.99568e-10
-6.5	-9.5	1.15132e-08
-6.5	-9	1.19859e-07
-6.5	-8.5	1.01497e-06
-6.5	-8	6.99103e-06
-6.5	-7.5	3.91688e-05
-6.5	-7	0.000178504
-6.5	-6.5	0.000661703
-6.5	-6	0.00199521
-6.5	-5.5	0.00489353
-6.5	-5	0.00976258
-6.5	-4.5	0.0158422
-6.5	-4	0.020911
-6.5	-3.5	0.0224514
-6.5	-3	0.0196075
-6.5	-2.5	0.0139286
-6.5	-2	0.00804827
-6.5	-1.5	0.00378274
-6.5	-1	0.00144617
-6.5	-0.5	0.000449718
-6.5	0	0.000113755
-6.5	0.5	2.3405e-05
-6.5	1	3.91702e-06
-6.5	1.5	5.33227e-07
-6.5	2	5.90442e-08
-6.5	2.5	5.31803e-09
-6.5	3	3.89613e-10
-6.5	3.5	2.3218e-11
-6.5	4	1.12544e-12
-6.5	4.5	4.43744e-14
-6.5	5	1.42315e-15
-6.5	5.5	3.71258e-17
-6.5	6	7.87791e-19
-6.5	6.5	1.35974e-20
-6.5	7	1.90901e-22
-6.5	7.5	2.18006e-24
-6.5	8	2.02506e-26
-6.5	8.5	1.53009e-28
-6.5	9	9.40382e-31
-6.5	9.5	4.70111e-33
-6.5	10	1.91164e-35
-6	-10	3.75118e-10
-6	-9.5	5.12455e-09
-6	-9	5.69445e-08
-6	-8.5	5.14703e-07
-6	-8	3.78416e-06
-6	-7.5	2.26304e-05
-6	-7	0.000110084
-6	-6.5	0.000435575
-6	-6	0.00140188
-6	-5.5	0.00367002
-6	-5	0.0078151
-6	-4.5	0.0135366
-6	-4	0.0190718
-6	-3.5	0.0218567
-6	-3	0.0203744
-6	-2.5	0.0154488
-6	-2	0.00952827
-6	-1.5	0.00478015
-6	-1	0.00195064
-6	-0.5	0.000647473
-6	0	0.000174814
-6	0.5	3.83917e-05
-6	1	6.85818e-06
-6	1.5	9.96525e-07
-6	2	1.17781e-07
-6	2.5	1.13233e-08
-6	3	8.85482e-10
-6	3.5	5.63242e-11
-6	4	2.91419e-12
-6	4.5	1.22645e-13
-6	5	4.19847e-15
-6	5.5	1.16907e-16
-6	6	2.64789e-18
-6	6.5	4.87828e-20
-6	7	7.31042e-22
-6	7.5	8.91102e-24
-6	8	8.83529e-26
-6	8.5	7.12562e-28
-6	9	4.67449e-30
-6	9.5	2.49433e-32
-6	10	1.08263e-34
-5.5	-10	1.5223e-10
-5.5	-9.5	2.21979e-09
-5.5	-9	2.63288e-08
-5.5	-8.5	2.54015e-07
-5.5	-8	1.99341e-06
-5.5	-7.5	1.27246e-05
-5.5	-7	6.60689e-05
-5.5	-6.5	0.000279036
-5.5	-6	0.00095859
-5.5	-5.5	0.00267863
-5.5	-5	0.0060884
-5.5	-4.5	0.0112564
-5.5	-4	0.0169281
-5.5	-3.5	0.0207073
-5.5	-3	0.0206039
-5.5	-2.5	0.0166756
-5.5	-2	0.010978
-5.5	-1.5	0.00587861
-5.5	-1	0.00256056
-5.5	-0.5	0.000907199
-5.5	0	0.000261445
-5.5	0.5	6.12866e-05
-5.5	1	1.16858e-05
-5.5	1.5	1.81244e-06
-5.5	2	2.28652e-07
-5.5	2.5	2.34637e-08
-5.5	3	1.95851e-09
-5.5	3.5	1.32973e-10
-5.5	4	7.34363e-12
-5.5	4.5	3.29888e-13
-5.5	5	1.2054e-14
-5.5	5.5	3.58265e-16
-5.5	6	8.66136e-18
-5.5	6.5	1.70324e-19
-5.5	7	2.72443e-21
-5.5	7.5	3.54474e-23
-5.5	8	3.75147e-25
-5.5	8.5	3.22944e-27
-5.5	9	2.26132e-29
-5.5	9.5	1.28797e-31
-5.5	10	5.96701e-34
-5	-10	6.01219e-11
-5	-9.5	9.35766e-10
-5	-9	1.18471e-08
-5	-8.5	1.22001e-07
-5	-8	1.02193e-06
-5	-7.5	6.96293e-06
-5	-7	3.85896e-05
-5	-6.5	0.000173963
-5	-6	0.0006379
-5	-5.5	0.00190264
-5	-5	0.00461605
-5	-4.5	0.00910945
-5	-4	0.0146225
-5	-3.5	0.0190925
-5	-3	0.0202773
-5	-2.5	0.0175173
-5	-2	0.0123093
-5	-1.5	0.00703569
-5	-1	0.00327107
-5	-0.5	0.00123703
-5	0	0.000380524
-5	0.5	9.5212e-05
-5	1	1.9378e-05
-5	1.5	3.20801e-06
-5	2	4.31988e-07
-5	2.5	4.73169e-08
-5	3	4.2157e-09
-5	3.5	3.05514e-10
-5	4	1.80095e-11
-5	4.5	8.63537e-13
-5	5	3.36798e-14
-5	5.5	1.06848e-15
-5	6	2.75722e-17
-5	6.5	5.78743e-19
-5	7	9.88118e-21
-5	7.5	1.37227e-22
-5	8	1.55018e-24
-5	8.5	1.42439e-26
-5	9	1.0646e-28
-5	9.5	6.47225e-31
-5	10	3.2006e-33
-4.5	-10	2.3108e-11
-4.5	-9.5	3.83902e-10
-4.5	-9	5.18785e-09
-4.5	-8.5	5.70247e-08
-4.5	-8	5.09856e-07
-4.5	-7.5	3.708e-06
-4.5	-7	2.19352e-05
-4.5	-6.5	0.000105548
-4.5	-6	0.000413115
-4.5	-5.5	0.00131522
-4.5	-5	0.00340593
-4.5	-4.5	0.00717433
-4.5	-4	0.0122924
-4.5	-3.5	0.0171316
-4.5	-3	0.0194209
-4.5	-2.5	0.0179081
-4.5	-2	0.013432
-4.5	-1.5	0.00819478
-4.5	-1	0.00406672
-4.5	-0.5	0.00164157
-4.5	0	0.000538993
-4.5	0.5	0.000143951
-4.5	1	3.12722e-05
-4.5	1.5	5.52597e-06
-4.5	2	7.94268e-07
-4.5	2.5	9.28614e-08
-4.5	3	8.83104e-09
-4.5	3.5	6.8312e-10
-4.5	4	4.29825e-11
-4.5	4.5	2.19986e-12
-4.5	5	9.15811e-14
-4.5	5.5	3.10117e-15
-4.5	6	8.54191e-17
-4.5	6.5	1.91378e-18
-4.5	7	3.4877e-20
-4.5	7.5	5.17005e-22
-4.5	8	6.23389e-24
-4.5	8.5	6.11409e-26
-4.5	9	4.87768e-28
-4.5	9.5	3.16522e-30
-4.5	10	1.67072e-32
-4	-10	8.64354e-12
-4	-9.5	1.53276e-10
-4	-9	2.21087e-09
-4	-8.5	2.59395e-08
-4	-8	2.47554e-07
-4	-7.5	1.9217e-06
-4	-7	1.21342e-05
-4	-6.5	6.23226e-05
-4	-6	0.000260368
-4	-5.5	0.000884789
-4	-5	0.00244568
-4	-4.5	0.00549881
-4	-4	0.0100565
-4	-3.5	0.01496
-4	-3	0.0181021
-4	-2.5	0.0178169
-4	-2	0.0142641
-4	-1.5	0.00928894
-4	-1	0.00492035
-4	-0.5	0.00212
-4	0	0.00074299
-4	0.5	0.000211807
-4	1	4.91139e-05
-4	1.5	9.26357e-06
-4	2	1.42122e-06
-4	2.5	1.77359e-07
-4	3	1.80033e-08
-4	3.5	1.48649e-09
-4	4	9.98342e-11
-4	4.5	5.45388e-12
-4	5	2.42349e-13
-4	5.5	8.75961e-15
-4	6	2.57536e-16
-4	6.5	6.15884e-18
-4	7	1.19803e-19
-4	7.5	1.89561e-21
-4	8	2.4397e-23
-4	8.5	2.55407e-25
-4	9	2.17489e-27
-4	9.5	1.50644e-29
-4	10	8.48738e-32
-3.5	-10	3.14643e-12
-3.5	-9.5	5.95558e-11
-3.5	-9	9.16933e-10
-3.5	-8.5	1.14831e-08
-3.5	-8	1.16975e-07
-3.5	-7.5	9.6924e-07
-3.5	-7	6.53251e-06
-3.5	-6.5	3.58127e-05
-3.5	-6	0.0001597
-3.5	-5.5	0.000579267
-3.5	-5	0.00170908
-3.5	-4.5	0.00410162
-3.5	-4	0.00800675
-3.5	-3.5	0.0127135
-3.5	-3	0.0164204
-3.5	-2.5	0.0172509
-3.5	-2	0.0147417
-3.5	-1.5	0.0102469
-3.5	-1	0.00579359
-3.5	-0.5	0.00266446
-3.5	0	0.000996738
-3.5	0.5	0.000303292
-3.5	1	7.50671e-05
-3.5	1.5	1.51129e-05
-3.5	2	2.47488e-06
-3.5	2.5	3.29662e-07
-3.5	3	3.57184e-08
-3.5	3.5	3.14793e-09
-3.5	4	2.25666e-10
-3.5	4.5	1.31588e-11
-3.5	5	6.24129e-13
-3.5	5.5	2.40792e-14
-3.5	6	7.55646e-16
-3.5	6.5	1.92887e-17
-3.5	7	4.00495e-19
-3.5	7.5	6.76393e-21
-3.5	8	9.29203e-23
-3.5	8.5	1.03832e-24
-3.5	9	9.43755e-27
-3.5	9.5	6.97745e-29
-3.5	10	4.19607e-31
-3	-10	1.11466e-12
-3	-9.5	2.25202e-11
-3	-9	3.70092e-10
-3	-8.5	4.94716e-09
-3	-8	5.37912e-08
-3	-7.5	4.75745e-07
-3	-7	3.42253e-06
-3	-6.5	2.00276e-05
-3	-6	9.53274e-05
-3	-5.5	0.000369076
-3	-5	0.00116231
-3	-4.5	0.00297742
-3	-4	0.0062039
-3	-3.5	0.0105147
-3	-3	0.0144957
-3	-2.5	0.0162552
-3	-2	0.0148269
-3	-1.5	0.0110007
-3	-1	0.00663891
-3	-0.5	0.00325899
-3	0	0.0013013
-3	0.5	0.00042265
-3	1	0.000111659
-3	1.5	2.39947e-05
-3	2	4.19415e-06
-3	2.5	5.96325e-07
-3	3	6.89652e-08
-3	3.5	6.48763e-09
-3	4	4.96422e-10
-3	4.5	3.08976e-11
-3	5	1.56425e-12
-3	5.5	6.44166e-14
-3	6	2.15773e-15
-3	6.5	5.87904e-17
-3	7	1.30294e-18
-3	7.5	2.34882e-20
-3	8	3.44417e-22
-3	8.5	4.10797e-24
-3	9	3.98547e-26
-3	9.5	3.14515e-28
-3	10	2.01888e-30
-2.5	-10	3.84298e-13
-2.5	-9.5	8.28744e-12
-2.5	-9	1.45372e-10
-2.5	-8.5	2.0742e-09
-2.5	-8	2.4073e-08
-2.5	-7.5	2.27257e-07
-2.5	-7	1.74507e-06
-2.5	-6.5	1.08998e-05
-2.5	-6	5.53771e-05
-2.5	-5.5	0.000228851
-2.5	-5	0.000769278
-2.5	-4.5	0.00210341
-2.5	-4	0.00467812
-2.5	-3.5	0.00846308
-2.5	-3	0.0124536
-2.5	-2.5	0.0149063
-2.5	-2	0.0145128
-2.5	-1.5	0.0114933
-2.5	-1	0.00740364
-2.5	-0.5	0.00387931
-2.5	0	0.00165338
-2.5	0.5	0.000573192
-2.5	1	0.000161635
-2.5	1.5	3.70749e-05
-2.5	2	6.91726e-06
-2.5	2.5	1.04977e-06
-2.5	3	1.29589e-07
-2.5	3.5	1.30121e-08
-2.5	4	1.06276e-09
-2.5	4.5	7.06044e-11
-2.5	5	3.81538e-12
-2.5	5.5	1.67707e-13
-2.5	6	5.99619e-15
-2.5	6.5	1.74384e-16
-2.5	7	4.12523e-18
-2.5	7.5	7.93776e-20
-2.5	8	1.24239e-21
-2.5	8.5	1.5817e-23
-2.5	9	1.63794e-25
-2.5	9.5	1.3797e-27
-2.5	10	9.45316e-30
-2	-10	1.28941e-13
-2	-9.5	2.96802e-12
-2	-9	5.55714e-11
-2	-8.5	8.46339e-10
-2	-8	1.04845e-08
-2	-7.5	1.05647e-07
-2	-7	8.65917e-07
-2	-6.5	5.77304e-06
-2	-6	3.1307e-05
-2	-5.5	0.000138098
-2	-5	0.000495498
-2	-4.5	0.00144612
-2	-4	0.00343302
-2	-3.5	0.00662914
-2	-3	0.0104123
-2	-2.5	0.0133029
-2	-2	0.0138246
-2	-1.5	0.011686
-2	-1	0.00803511
-2	-0.5	0.00449392
-2	0	0.0020444
-2	0.5	0.000756515
-2	1	0.000227707
-2	1.5	5.575e-05
-2	2	1.11025e-05
-2	2.5	1.79849e-06
-2	3	2.36975e-07
-2	3.5	2.53983e-08
-2	4	2.2142e-09
-2	4.5	1.57014e-10
-2	5	9.05664e-12
-2	5.5	4.24918e-13
-2	6	1.62163e-14
-2	6.5	5.03393e-16
-2	7	1.27108e-17
-2	7.5	2.61063e-19
-2	8	4.36141e-21
-2	8.5	5.92676e-23
-2	9	6.55114e-25
-2	9.5	5.89013e-27
-2	10	4.30766e-29
-1.5	-10	4.21029e-14
-1.5	-9.5	1.03445e-12
-1.5	-9	2.06738e-11
-1.5	-8.5	3.36075e-10
-1.5	-8	4.44387e-09
-1.5	-7.5	4.77965e-08
-1.5	-7	4.18157e-07
-1.5	-6.5	2.97571e-06
-1.5	-6	1.72247e-05
-1.5	-5.5	8.10999e-05
-1.5	-5	0.000310598
-1.5	-4.5	0.000967576
-1.5	-4	0.00245177
-1.5	-3.5	0.00505341
-1.5	-3	0.00847223
-1.5	-2.5	0.0115537
-1.5	-2	0.0128159
-1.5	-1.5	0.0115635
-1.5	-1	0.00848666
-1.5	-0.5	0.00506633
-1.5	0	0.00246014
-1.5	0.5	0.000971702
-1.5	1	0.000312188
-1.5	1.5	8.15845e-05
-1.5	2	1.73424e-05
-1.5	2.5	2.99859e-06
-1.5	3	4.21731e-07
-1.5	3.5	4.82461e-08
-1.5	4	4.4895e-09
-1.5	4.5	3.39814e-10
-1.5	5	2.09216e-11
-1.5	5.5	1.04775e-12
-1.5	6	4.26802e-14
-1.5	6.5	1.41418e-15
-1.5	7	3.81148e-17
-1.5	7.5	8.35585e-19
-1.5	8	1.49003e-20
-1.5	8.5	2.16128e-22
-1.5	9	2.54996e-24
-1.5	9.5	2.44717e-26
-1.5	10	1.91032e-28
-1	-10	1.33793e-14
-1	-9.5	3.50877e-13
-1	-9	7.48491e-12
-1	-8.5	1.29875e-10
-1	-8	1.83306e-09
-1	-7.5	2.10442e-08
-1	-7	1.96517e-07
-1	-6.5	1.49271e-06
-1	-6	9.22272e-06
-1	-5.5	4.63502e-05
-1	-5	0.000189476
-1	-4.5	0.000630034
-1	-4	0.00170405
-1	-3.5	0.00374896
-1	-3	0.00670883
-1	-2.5	0.00976545
-1	-2	0.0115624
-1	-1.5	0.0111355
-1	-1	0.0087233
-1	-0.5	0.00555854
-1	0	0.00288104
-1	0.5	0.00121464
-1	1	0.000416537
-1	1.5	0.00011619
-1	2	2.63629e-05
-1	2.5	4.86548e-06
-1	3	7.30411e-07
-1	3.5	8.91903e-08
-1	4	8.85884e-09
-1	4.5	7.15722e-10
-1	5	4.7035e-11
-1	5.5	2.51424e-12
-1	6	1.0932e-13
-1	6.5	3.86637e-15
-1	7	1.11228e-16
-1	7.5	2.60276e-18
-1	8	4.95409e-20
-1	8.5	7.6701e-22
-1	9	9.65935e-24
-1	9.5	9.89471e-26
-1	10	8.24455e-28
-0.5	-10	4.13762e-15
-0.5	-9.5	1.15823e-13
-0.5	-9	2.63725e-12
-0.5	-8.5	4.88445e-11
-0.5	-8	7.35848e-10
-0.5	-7.5	9.01715e-09
-0.5	-7	8.98793e-08
-0.5	-6.5	7.28716e-07
-0.5	-6	4.8058e-06
-0.5	-5.5	2.578e-05
-0.5	-5	0.000112488
-0.5	-4.5	0.000399246
-0.5	-4	0.00115261
-0.5	-3.5	0.00270667
-0.5	-3	0.00517005
-0.5	-2.5	0.00803274
-0.5	-2	0.0101518
-0.5	-1.5	0.0104358
-0.5	-1	0.00872615
-0.5	-0.5	0.00593508
-0.5	0	0.00328352
-0.5	0.5	0.00147761
-0.5	1	0.000540867
-0.5	1.5	0.000161038
-0.5	2	3.90011e-05
-0.5	2.5	7.68304e-06
-0.5	3	1.23111e-06
-0.5	3.5	1.60462e-07
-0.5	4	1.7012e-08
-0.5	4.5	1.46705e-09
-0.5	5	1.02907e-10
-0.5	5.5	5.87157e-12
-0.5	6	2.72504e-13
-0.5	6.5	1.02872e-14
-0.5	7	3.15888e-16
-0.5	7.5	7.89e-18
-0.5	8	1.60299e-19
-0.5	8.5	2.64906e-21
-0.5	9	3.56091e-23
-0.5	9.5	3.8935e-25
-0.5	10	3.4628e-27
0	-10	1.24528e-15
0	-9.5	3.72081e-14
0	-9	9.04306e-13
0	-8.5	1.78773e-11
0	-8	2.87474e-10
0	-7.5	3.76014e-09
0	-7	4.00053e-08
0	-6.5	3.4621e-07
0	-6	2.43709e-06
0	-5.5	1.39544e-05
0	-5	6.4992e-05
0	-4.5	0.000246216
0	-4	0.000758723
0	-3.5	0.00190177
0	-3	0.00387741
0	-2.5	0.00643034
0	-2	0.00867431
0	-1.5	0.00951798
0	-1	0.008495
0	-0.5	0.00616724
0	0	0.00364189
0	0.5	0.00174933
0	1	0.000683479
0	1.5	0.000217214
0	2	5.61512e-05
0	2.5	1.1807e-05
0	3	2.01942e-06
0	3.5	2.80947e-07
0	4	3.17929e-08
0	4.5	2.92648e-09
0	5	2.19114e-10
0	5.5	1.33445e-11
0	6	6.61063e-13
0	6.5	2.66374e-14
0	7	8.73074e-16
0	7.5	2.32765e-17
0	8	5.04771e-19
0	8.5	8.90388e-21
0	9	1.27753e-22
0	9.5	1.49099e-24
0	10	1.41542e-26
0.5	-10	3.64739e-16
0.5	-9.5	1.16326e-14
0.5	-9	3.01771e-13
0.5	-8.5	6.36779e-12
0.5	-8	1.09297e-10
0.5	-7.5	1.52594e-09
0.5	-7	1.7329e-08
0.5	-6.5	1.60074e-07
0.5	-6	1.20275e-06
0.5	-5.5	7.35086e-06
0.5	-5	3.65435e-05
0.5	-4.5	0.000147772
0.5	-4	0.00048605
0.5	-3.5	0.00130041
0.5	-3	0.00283
0.5	-2.5	0.00500959
0.5	-2	0.00721319
0.5	-1.5	0.00844813
0.5	-1	0.00804827
0.5	-0.5	0.00623668
0.5	0	0.00393109
0.5	0.5	0.00201549
0.5	1	0.000840541
0.5	1.5	0.000285131
0.5	2	7.86755e-05
0.5	2.5	1.76581e-05
0.5	3	3.2237e-06
0.5	3.5	4.78714e-07
0.5	4	5.78236e-08
0.5	4.5	5.68125e-09
0.5	5	4.54037e-10
0.5	5.5	2.95153e-11
0.5	6	1.56067e-12
0.5	6.5	6.71251e-14
0.5	7	2.34837e-15
0.5	7.5	6.68279e-17
0.5	8	1.54688e-18
0.5	8.5	2.9125e-20
0.5	9	4.4605e-22
0.5	9.5	5.5566e-24
0.5	10	5.63046e-26
1	-10	1.03967e-16
1	-9.5	3.53927e-15
1	-9	9.80029e-14
1	-8.5	2.20736e-12
1	-8	4.04405e-11
1	-7.5	6.02655e-10
1	-7	7.30515e-09
1	-6.5	7.20276e-08
1	-6	5.77666e-07
1	-5.5	3.76846e-06
1	-5	1.99968e-05
1	-4.5	8.63106e-05
1	-4	0.000303024
1	-3.5	0.000865365
1	-3	0.00201016
1	-2.5	0.00379813
1	-2	0.00583738
1	-1.5	0.00729751
1	-1	0.00742062
1	-0.5	0.00613783
1	0	0.00412951
1	0.5	0.0022599
1	1	0.00100598
1	1.5	0.000364251
1	2	0.00010728
1	2.5	2.57007e-05
1	3	5.00819e-06
1	3.5	7.93826e-07
1	4	1.02348e-07
1	4.5	1.07335e-08
1	5	9.15612e-10
1	5.5	6.35318e-11
1	6	3.58574e-12
1	6.5	1.64617e-13
1	7	6.14726e-15
1	7.5	1.86722e-16
1	8	4.61338e-18
1	8.5	9.27153e-20
1	9	1.51563e-21
1	9.5	2.01531e-23
1	10	2.17971e-25
1.5	-10	2.88409e-17
1.5	-9.5	1.04797e-15
1.5	-9	3.09741e-14
1.5	-8.5	7.44657e-13
1.5	-8	1.45621e-11
1.5	-7.5	2.31632e-10
1.5	-7	2.99697e-09
1.5	-6.5	3.1541e-08
1.5	-6	2.70009e-07
1.5	-5.5	1.88013e-06
1.5	-5	1.0649e-05
1.5	-4.5	4.90609e-05
1.5	-4	0.000183854
1.5	-3.5	0.000560425
1.5	-3	0.00138954
1.5	-2.5	0.00280243
1.5	-2	0.00459734
1.5	-1.5	0.00613462
1.5	-1	0.00665851
1.5	-0.5	0.00587861
1.5	0	0.00422164
1.5	0.5	0.00246602
1.5	1	0.00117171
1.5	1.5	0.00045285
1.5	2	0.000142363
1.5	2.5	3.64038e-05
1.5	3	7.57192e-06
1.5	3.5	1.28107e-06
1.5	4	1.76299e-07
1.5	4.5	1.9735e-08
1.5	5	1.79693e-09
1.5	5.5	1.33086e-10
1.5	6	8.01761e-12
1.5	6.5	3.92885e-13
1.5	7	1.56601e-14
1.5	7.5	5.0773e-16
1.5	8	1.339e-17
1.5	8.5	2.87233e-19
1.5	9	5.01186e-21
1.5	9.5	7.11332e-23
1.5	10	8.21209e-25
2	-10	7.78609e-18
2	-9.5	3.01984e-16
2	-9	9.527e-15
2	-8.5	2.44477e-13
2	-8	5.10303e-12
2	-7.5	8.66418e-11
2	-7	1.19656e-09
2	-6.5	1.34416e-08
2	-6	1.22822e-07
2	-5.5	9.12875e-07
2	-5	5.51892e-06
2	-4.5	2.71397e-05
2	-4	0.000108559
2	-3.5	0.000353212
2	-3	0.000934787
2	-2.5	0.00201233
2	-2	0.00352367
2	-1.5	0.00501879
2	-1	0.00581449
2	-0.5	0.0054794
2	0	0.00420014
2	0.5	0.0026188
2	1	0.00132816
2	1.5	0.000547907
2	2	0.000183854
2	2.5	5.01818e-05
2	3	1.11411e-05
2	3.5	2.01197e-06
2	4	2.95543e-07
2	4.5	3.53126e-08
2	5	3.432e-09
2	5.5	2.71315e-10
2	6	1.74466e-11
2	6.5	9.12544e-13
2	7	3.88245e-14
2	7.5	1.34359e-15
2	8	3.78215e-17
2	8.5	8.65999e-19
2	9	1.61289e-20
2	9.5	2.44344e-22
2	10	3.01097e-24
2.5	-10	2.04564e-18
2.5	-9.5	8.46869e-17
2.5	-9	2.85176e-15
2.5	-8.5	7.8112e-14
2.5	-8	1.74033e-12
2.5	-7.5	3.15395e-11
2.5	-7	4.64928e-10
2.5	-6.5	5.57476e-09
2.5	-6	5.43719e-08
2.5	-5.5	4.31353e-07
2.5	-5	2.78355e-06
2.5	-4.5	1.46108e-05
2.5	-4	6.23818e-05
2.5	-3.5	0.000216646
2.5	-3	0.000612001
2.5	-2.5	0.00140625
2.5	-2	0.00262834
2.5	-1.5	0.00399584
2.5	-1	0.00494134
2.5	-0.5	0.00497038
2.5	0	0.00406672
2.5	0.5	0.00270649
2.5	1	0.00146514
2.5	1.5	0.000645146
2.5	2	0.000231072
2.5	2.5	6.732e-05
2.5	3	1.59533e-05
2.5	3.5	3.07515e-06
2.5	4	4.82158e-07
2.5	4.5	6.14925e-08
2.5	5	6.37916e-09
2.5	5.5	5.38287e-10
2.5	6	3.69464e-11
2.5	6.5	2.06272e-12
2.5	7	9.36735e-14
2.5	7.5	3.4602e-15
2.5	8	1.03967e-16
2.5	8.5	2.54096e-18
2.5	9	5.05137e-20
2.5	9.5	8.16826e-22
2.5	10	1.07438e-23
3	-10	5.23042e-19
3	-9.5	2.31125e-17
3	-9	8.30745e-16
3	-8.5	2.42883e-14
3	-8	5.77609e-13
3	-7.5	1.11733e-11
3	-7	1.75806e-10
3	-6.5	2.25008e-09
3	-6	2.34245e-08
3	-5.5	1.98359e-07
3	-5	1.36629e-06
3	-4.5	7.65492e-06
3	-4	3.48858e-05
3	-3.5	0.00012932
3	-3	0.000389933
3	-2.5	0.000956364
3	-2	0.00190794
3	-1.5	0.00309611
3	-1	0.00408674
3	-0.5	0.00438778
3	0	0.00383198
3	0.5	0.00272213
3	1	0.00157291
3	1.5	0.000739278
3	2	0.000282631
3	2.5	8.78903e-05
3	3	2.22316e-05
3	3.5	4.57414e-06
3	4	7.65521e-07
3	4.5	1.04211e-07
3	5	1.15393e-08
3	5.5	1.03933e-09
3	6	7.61437e-11
3	6.5	4.53759e-12
3	7	2.19951e-13
3	7.5	8.67229e-15
3	8	2.78132e-16
3	8.5	7.25567e-18
3	9	1.53962e-19
3	9.5	2.65739e-21
3	10	3.73085e-23
3.5	-10	1.3015e-19
3.5	-9.5	6.13872e-18
3.5	-9	2.35516e-16
3.5	-8.5	7.34976e-15
3.5	-8	1.86567e-13
3.5	-7.5	3.85216e-12
3.5	-7	6.46968e-11
3.5	-6.5	8.83832e-10
3.5	-6	9.82123e-09
3.5	-5.5	8.87709e-08
3.5	-5	6.52656e-07
3.5	-4.5	3.90307e-06
3.5	-4	1.89862e-05
3.5	-3.5	7.51237e-05
3.5	-3	0.000241783
3.5	-2.5	0.00063297
3.5	-2	0.00134787
3.5	-1.5	0.00233466
3.5	-1	0.00328933
3.5	-0.5	0.00376963
3.5	0	0.00351399
3.5	0.5	0.00266446
3.5	1	0.00164334
3.5	1.5	0.000824433
3.5	2	0.000336428
3.5	2.5	0.00011167
3.5	3	3.01502e-05
3.5	3.5	6.62143e-06
3.5	4	1.18283e-06
3.5	4.5	1.71871e-07
3.5	5	2.03138e-08
3.5	5.5	1.95294e-09
3.5	6	1.52719e-10
3.5	6.5	9.71424e-12
3.5	7	5.02612e-13
3.5	7.5	2.11526e-14
3.5	8	7.24112e-16
3.5	8.5	2.0163e-17
3.5	9	4.56682e-19
3.5	9.5	8.41358e-21
3.5	10	1.26083e-22
4	-10	3.15172e-20
4	-9.5	1.58674e-18
4	-9	6.4979e-17
4	-8.5	2.16446e-15
4	-8	5.86453e-14
4	-7.5	1.29249e-12
4	-7	2.31702e-11
4	-6.5	3.37862e-10
4	-6	4.00737e-09
4	-5.5	3.86623e-08
4	-5	3.03406e-07
4	-4.5	1.93674e-06
4	-4	1.0056e-05
4	-3.5	4.24706e-05
4	-3	0.000145902
4	-2.5	0.0004077
4	-2	0.000926682
4	-1.5	0.00171328
4	-1	0.00257653
4	-0.5	0.00315175
4	0	0.003136
4	0.5	0.0025381
4	1	0.0016709
4	1.5	0.000894751
4	2	0.000389728
4	2.5	0.00013808
4	3	3.9793e-05
4	3.5	9.32809e-06
4	4	1.77864e-06
4	4.5	2.75861e-07
4	5	3.48019e-08
4	5.5	3.57128e-09
4	6	2.98094e-10
4	6.5	2.02391e-11
4	7	1.11773e-12
4	7.5	5.02104e-14
4	8	1.83467e-15
4	8.5	5.45295e-17
4	9	1.3183e-18
4	9.5	2.59241e-20
4	10	4.14671e-22
4.5	-10	7.42765e-21
4.5	-9.5	3.99147e-19
4.5	-9	1.74471e-17
4.5	-8.5	6.2033e-16
4.5	-8	1.79404e-14
4.5	-7.5	4.22035e-13
4.5	-7	8.07558e-12
4.5	-6.5	1.25692e-10
4.5	-6	1.5913e-09
4.5	-5.5	1.63871e-08
4.5	-5	1.37266e-07
4.5	-4.5	9.35261e-07
4.5	-4	5.18335e-06
4.5	-3.5	2.33667e-05
4.5	-3	8.56827e-05
4.5	-2.5	0.000255563
4.5	-2	0.000620027
4.5	-1.5	0.00122358
4.5	-1	0.0019641
4.5	-0.5	0.0025645
4.5	0	0.00272365
4.5	0.5	0.00235292
4.5	1	0.00165338
4.5	1.5	0.000945034
4.5	2	0.00043937
4.5	2.5	0.000166158
4.5	3	5.1112e-05
4.5	3.5	1.27889e-05
4.5	4	2.60286e-06
4.5	4.5	4.30901e-07
4.5	5	5.80247e-08
4.5	5.5	6.35561e-09
4.5	6	5.66252e-10
4.5	6.5	4.10366e-11
4.5	7	2.41904e-12
4.5	7.5	1.1599e-13
4.5	8	4.52387e-15
4.5	8.5	1.43518e-16
4.5	9	3.7035e-18
4.5	9.5	7.77368e-20
4.5	10	1.32724e-21
5	-10	1.70354e-21
5	-9.5	9.77144e-20
5	-9	4.55903e-18
5	-8.5	1.7302e-16
5	-8	5.34106e-15
5	-7.5	1.34112e-13
5	-7	2.73916e-12
5	-6.5	4.55066e-11
5	-6	6.14952e-10
5	-5.5	6.75954e-09
5	-5	6.04367e-08
5	-4.5	4.39535e-07
5	-4	2.60013e-06
5	-3.5	1.25114e-05
5	-3	4.89694e-05
5	-2.5	0.000155902
5	-2	0.000403729
5	-1.5	0.000850423
5	-1	0.0014571
5	-0.5	0.00203073
5	0	0.0023021
5	0.5	0.00212278
5	1	0.00159218
5	1.5	0.000971384
5	2	0.000482056
5	2.5	0.000194587
5	3	6.38906e-05
5	3.5	1.70636e-05
5	4	3.70691e-06
5	4.5	6.55031e-07
5	5	9.41502e-08
5	5.5	1.10075e-08
5	6	1.0468e-09
5	6.5	8.0975e-11
5	7	5.09501e-12
5	7.5	2.60764e-13
5	8	1.08557e-14
5	8.5	3.67604e-16
5	9	1.01253e-17
5	9.5	2.26854e-19
5	10	4.13422e-21
5.5	-10	3.80236e-22
5.5	-9.5	2.328e-20
5.5	-9	1.15937e-18
5.5	-8.5	4.69642e-17
5.5	-8	1.54747e-15
5.5	-7.5	4.1475e-14
5.5	-7	9.04188e-13
5.5	-6.5	1.60339e-11
5.5	-6	2.31276e-10
5.5	-5.5	2.7135e-09
5.5	-5	2.58963e-08
5.5	-4.5	2.01027e-07
5.5	-4	1.26934e-06
5.5	-3.5	6.51947e-06
5.5	-3	2.72368e-05
5.5	-2.5	9.25565e-05
5.5	-2	0.000255839
5.5	-1.5	0.000575223
5.5	-1	0.00105199
5.5	-0.5	0.00156495
5.5	0	0.00189363
5.5	0.5	0.0018638
5.5	1	0.00149215
5.5	1.5	0.000971702
5.5	2	0.000514711
5.5	2.5	0.00022177
5.5	3	7.77231e-05
5.5	3.5	2.21568e-05
5.5	4	5.13773e-06
5.5	4.5	9.69049e-07
5.5	5	1.48672e-07
5.5	5.5	1.85532e-08
5.5	6	1.8833e-09
5.5	6.5	1.55499e-10
5.5	7	1.04435e-11
5.5	7.5	5.70523e-13
5.5	8	2.53518e-14
5.5	8.5	9.1633e-16
5.5	9	2.69404e-17
5.5	9.5	6.44267e-19
5.5	10	1.25325e-20
6	-10	8.25948e-23
6	-9.5	5.39765e-21
6	-9	2.86924e-19
6	-8.5	1.24061e-17
6	-8	4.3633e-16
6	-7.5	1.24825e-14
6	-7	2.90468e-13
6	-6.5	5.49799e-12
6	-6	8.46482e-11
6	-5.5	1.06008e-09
6	-5	1.07987e-08
6	-4.5	8.9477e-08
6	-4	6.0306e-07
6	-3.5	3.30611e-06
6	-3	1.47429e-05
6	-2.5	5.3476e-05
6	-2	0.000157777
6	-1.5	0.000378648
6	-1	0.000739157
6	-0.5	0.00117367
6	0	0.00151588
6	0.5	0.00159255
6	1	0.00136091
6	1.5	0.000945963
6	2	0.000534845
6	2.5	0.000245975
6	3	9.20156e-05
6	3.5	2.79989e-05
6	4	6.92995e-06
6	4.5	1.39517e-06
6	5	2.28472e-07
6	5.5	3.04333e-08
6	6	3.29741e-09
6	6.5	2.90606e-10
6	7	2.08327e-11
6	7.5	1.21478e-12
6	8	5.76176e-14
6	8.5	2.22291e-15
6	9	6.97587e-17
6	9.5	1.78067e-18
6	10	3.69724e-20
6.5	-10	1.74602e-23
6.5	-9.5	1.21794e-21
6.5	-9	6.91052e-20
6.5	-8.5	3.18937e-18
6.5	-8	1.19731e-16
6.5	-7.5	3.6561e-15
6.5	-7	9.08109e-14
6.5	-6.5	1.83471e-12
6.5	-6	3.01511e-11
6.5	-5.5	4.03041e-10
6.5	-5	4.38232e-09
6.5	-4.5	3.87586e-08
6.5	-4	2.78831e-07
6.5	-3.5	1.63163e-06
6.5	-3	7.76625e-06
6.5	-2.5	3.00684e-05
6.5	-2	9.46928e-05
6.5	-1.5	0.000242568
6.5	-1	0.000505426
6.5	-0.5	0.000856627
6.5	0	0.00118096
6.5	0.5	0.0013243
6.5	1	0.00120794
6.5	1.5	0.000896217
6.5	2	0.000540867
6.5	2.5	0.000265507
6.5	3	0.000106016
6.5	3.5	3.4433e-05
6.5	4	9.09677e-06
6.5	4.5	1.95483e-06
6.5	5	3.41694e-07
6.5	5.5	4.85821e-08
6.5	6	5.61854e-09
6.5	6.5	5.28542e-10
6.5	7	4.04431e-11
6.5	7.5	2.5172e-12
6.5	8	1.27438e-13
6.5	8.5	5.24797e-15
6.5	9	1.75789e-16
6.5	9.5	4.7896e-18
6.5	10	1.06149e-19
7	-10	3.59208e-24
7	-9.5	2.67452e-22
7	-9	1.61977e-20
7	-8.5	7.97942e-19
7	-8	3.1974e-17
7	-7.5	1.04215e-15
7	-7	2.76296e-14
7	-6.5	5.95837e-13
7	-6	1.04517e-11
7	-5.5	1.49127e-10
7	-5	1.73076e-09
7	-4.5	1.63389e-08
7	-4	1.25464e-07
7	-3.5	7.83653e-07
7	-3	3.98141e-06
7	-2.5	1.64535e-05
7	-2	5.53083e-05
7	-1.5	0.000151227
7	-1	0.00033634
7	-0.5	0.000608464
7	0	0.000895367
7	0.5	0.00107171
7	1	0.00104342
7	1.5	0.000826325
7	2	0.000532294
7	2.5	0.000278908
7	3	0.000118872
7	3.5	4.12104e-05
7	4	1.1621e-05
7	4.5	2.66555e-06
7	5	4.97325e-07
7	5.5	7.54749e-08
7	6	9.31694e-09
7	6.5	9.3552e-10
7	7	7.64084e-11
7	7.5	5.0762e-12
7	8	2.74312e-13
7	8.5	1.20575e-14
7	9	4.31104e-16
7	9.5	1.25376e-17
7	10	2.96589e-19
7.5	-10	7.19185e-25
7.5	-9.5	5.71563e-23
7.5	-9	3.69484e-21
7.5	-8.5	1.94284e-19
7.5	-8	8.30971e-18
7.5	-7.5	2.89097e-16
7.5	-7	8.18109e-15
7.5	-6.5	1.88316e-13
7.5	-6	3.52591e-12
7.5	-5.5	5.36988e-11
7.5	-5	6.65221e-10
7.5	-4.5	6.70312e-09
7.5	-4	5.4941e-08
7.5	-3.5	3.66289e-07
7.5	-3	1.98638e-06
7.5	-2.5	8.76208e-06
7.5	-2	3.14385e-05
7.5	-1.5	9.17539e-05
7.5	-1	0.000217819
7.5	-0.5	0.000420608
7.5	0	0.000660643
7.5	0.5	0.000844043
7.5	1	0.000877145
7.5	1.5	0.000741459
7.5	2	0.000509814
7.5	2.5	0.000285131
7.5	3	0.000129714
7.5	3.5	4.79996e-05
7.5	4	1.44476e-05
7.5	4.5	3.53724e-06
7.5	5	7.04436e-07
7.5	5.5	1.14111e-07
7.5	6	1.50356e-08
7.5	6.5	1.61148e-09
7.5	7	1.40487e-10
7.5	7.5	9.96225e-12
7.5	8	5.74628e-13
7.5	8.5	2.69603e-14
7.5	9	1.0289e-15
7.5	9.5	3.19394e-17
7.5	10	8.06476e-19
8	-10	1.40131e-25
8	-9.5	1.18872e-23
8	-9	8.20231e-22
8	-8.5	4.60363e-20
8	-8	2.10171e-18
8	-7.5	7.80468e-17
8	-7	2.35747e-15
8	-6.5	5.79221e-14
8	-6	1.15758e-12
8	-5.5	1.88178e-11
8	-5	2.48825e-10
8	-4.5	2.67626e-09
8	-4	2.34138e-08
8	-3.5	1.66619e-07
8	-3	9.6446e-07
8	-2.5	4.54102e-06
8	-2	1.73913e-05
8	-1.5	5.41774e-05
8	-1	0.000137282
8	-0.5	0.000282955
8	0	0.000474385
8	0.5	0.000646923
8	1	0.000717601
8	1.5	0.000647473
8	2	0.000475193
8	2.5	0.000283679
8	3	0.00013775
8	3.5	5.44084e-05
8	4	1.74803e-05
8	4.5	4.56816e-06
8	5	9.71049e-07
8	5.5	1.679e-07
8	6	2.36139e-08
8	6.5	2.70144e-09
8	7	2.5138e-10
8	7.5	1.90272e-11
8	8	1.17146e-12
8	8.5	5.86664e-14
8	9	2.38979e-15
8	9.5	7.91843e-17
8	10	2.13416e-18
8.5	-10	2.65721e-26
8.5	-9.5	2.406e-24
8.5	-9	1.77204e-22
8.5	-8.5	1.0616e-20
8.5	-8	5.1732e-19
8.5	-7.5	2.05052e-17
8.5	-7	6.61117e-16
8.5	-6.5	1.73381e-14
8.5	-6	3.69856e-13
8.5	-5.5	6.4176e-12
8.5	-5	9.05778e-11
8.5	-4.5	1.03987e-09
8.5	-4	9.7106e-09
8.5	-3.5	7.37601e-08
8.5	-3	4.55728e-07
8.5	-2.5	2.29033e-06
8.5	-2	9.36267e-06
8.5	-1.5	3.11322e-05
8.5	-1	8.42033e-05
8.5	-0.5	0.000185249
8.5	0	0.000331507
8.5	0.5	0.000482546
8.5	1	0.000571337
8.5	1.5	0.000550244
8.5	2	0.000431049
8.5	2.5	0.000274667
8.5	3	0.000142363
8.5	3.5	6.00197e-05
8.5	4	2.05826e-05
8.5	4.5	5.74137e-06
8.5	5	1.30269e-06
8.5	5.5	2.40421e-07
8.5	6	3.60922e-08
8.5	6.5	4.40721e-09
8.5	7	4.37747e-10
8.5	7.5	3.53664e-11
8.5	8	2.32417e-12
8.5	8.5	1.24237e-13
8.5	9	5.4019e-15
8.5	9.5	1.91051e-16
8.5	10	5.49618e-18
9	-10	4.9036e-27
9	-9.5	4.73925e-25
9	-9	3.72573e-23
9	-8.5	2.38245e-21
9	-8	1.23921e-19
9	-7.5	5.24291e-18
9	-7	1.8043e-16
9	-6.5	5.05075e-15
9	-6	1.15004e-13
9	-5.5	2.12998e-12
9	-5	3.20884e-11
9	-4.5	3.93214e-10
9	-4	3.91939e-09
9	-3.5	3.17774e-08
9	-3	2.09568e-07
9	-2.5	1.12419e-06
9	-2	4.90531e-06
9	-1.5	1.74101e-05
9	-1	5.02624e-05
9	-0.5	0.000118031
9	0	0.000225452
9	0.5	0.000350286
9	1	0.000442691
9	1.5	0.000455079
9	2	0.000380524
9	2.5	0.000258813
9	3	0.000143185
9	3.5	6.44347e-05
9	4	2.35858e-05
9	4.5	7.02245e-06
9	5	1.70073e-06
9	5.5	3.35037e-07
9	6	5.36856e-08
9	6.5	6.99731e-09
9	7	7.41846e-10
9	7.5	6.39742e-11
9	8	4.48751e-12
9	8.5	2.56044e-13
9	9	1.18831e-14
9	9.5	4.48598e-16
9	10	1.3775e-17
9.5	-10	8.80651e-28
9.5	-9.5	9.08493e-26
9.5	-9	7.62338e-24
9.5	-8.5	5.20334e-22
9.5	-8	2.88886e-20
9.5	-7.5	1.3046e-18
9.5	-7	4.79225e-17
9.5	-6.5	1.43189e-15
9.5	-6	3.48007e-14
9.5	-5.5	6.8798e-13
9.5	-5	1.1063e-11
9.5	-4.5	1.44703e-10
9.5	-4	1.53954e-09
9.5	-3.5	1.33233e-08
9.5	-3	9.37872e-08
9.5	-2.5	5.37011e-07
9.5	-2	2.50111e-06
9.5	-1.5	9.47523e-06
9.5	-1	2.91982e-05
9.5	-0.5	7.31864e-05
9.5	0	0.000149216
9.5	0.5	0.000247461
9.5	1	0.000333816
9.5	1.5	0.000366284
9.5	2	0.000326916
9.5	2.5	0.000237336
9.5	3	0.000140152
9.5	3.5	6.732e-05
9.5	4	2.63026e-05
9.5	4.5	8.35912e-06
9.5	5	2.16088e-06
9.5	5.5	4.54372e-07
9.5	6	7.77141e-08
9.5	6.5	1.08118e-08
9.5	7	1.2235e-09
9.5	7.5	1.12621e-10
9.5	8	8.43222e-12
9.5	8.5	5.1354e-13
9.5	9	2.54399e-14
9.5	9.5	1.0251e-15
9.5	10	3.35988e-17
10	-10	1.53919e-28
10	-9.5	1.69485e-26
10	-9	1.51804e-24
10	-8.5	1.10596e-22
10	-8	6.55402e-21
10	-7.5	3.15925e-19
10	-7	1.23871e-17
10	-6.5	3.95059e-16
10	-6	1.02486e-14
10	-5.5	2.16259e-13
10	-5	3.71188e-12
10	-4.5	5.1823e-11
10	-4	5.88518e-10
10	-3.5	5.43633e-09
10	-3	4.0847e-08
10	-2.5	2.49646e-07
10	-2	1.24107e-06
10	-1.5	5.01854e-06
10	-1	1.65069e-05
10	-0.5	4.41637e-05
10	0	9.61108e-05
10	0.5	0.000170133
10	1	0.00024497
10	1.5	0.00028691
10	2	0.000273331
10	2.5	0.000211807
10	3	0.000133505
10	3.5	6.84491e-05
10	4	2.8546e-05
10	4.5	9.68346e-06
10	5	2.67193e-06
10	5.5	5.99692e-07
10	6	1.09481e-07
10	6.5	1.62578e-08
10	7	1.96377e-09
10	7.5	1.92943e-10
10	8	1.54197e-11
10	8.5	1.00238e-12
10	9	5.30026e-14
10	9.5	2.27966e-15
10	10	7.97541e-17
10.5	-10	2.61804e-29
10.5	-9.5	3.0771e-27
10.5	-9	2.94181e-25
10.5	-8.5	2.28769e-23
10.5	-8	1.44706e-21
10.5	-7.5	7.44538e-20
10.5	-7	3.11598e-18
10.5	-6.5	1.06075e-16
10.5	-6	2.93723e-15
10.5	-5.5	6.61565e-14
10.5	-5	1.21204e-12
10.5	-4.5	1.80621e-11
10.5	-4	2.18942e-10
10.5	-3.5	2.15873e-09
10.5	-3	1.73131e-08
10.5	-2.5	1.12944e-07
10.5	-2	5.9932e-07
10.5	-1.5	2.5868e-06
10.5	-1	9.08189e-06
10.5	-0.5	2.59357e-05
10.5	0	6.02461e-05
10.5	0.5	0.000113833
10.5	1	0.000174951
10.5	1.5	0.000218713
10.5	2	0.000222402
10.5	2.5	0.000183956
10.5	3	0.000123765
10.5	3.5	6.77312e-05
10.5	4	3.01502e-05
10.5	4.5	1.09169e-05
10.5	5	3.21527e-06
10.5	5.5	7.70272e-07
10.5	6	1.501e-07
10.5	6.5	2.37916e-08
10.5	7	3.06745e-09
10.5	7.5	3.21692e-10
10.5	8	2.74417e-11
10.5	8.5	1.9041e-12
10.5	9	1.07468e-13
10.5	9.5	4.93372e-15
10.5	10	1.84239e-16
11	-10	4.33372e-30
11	-9.5	5.43687e-28
11	-9	5.54812e-26
11	-8.5	4.60523e-24
11	-8	3.10932e-22
11	-7.5	1.70761e-20
11	-7	7.62817e-19
11	-6.5	2.7718e-17
11	-6	8.19239e-16
11	-5.5	1.96956e-14
11	-5	3.85155e-13
11	-4.5	6.12648e-12
11	-4	7.92675e-11
11	-3.5	8.34234e-10
11	-3	7.14151e-09
11	-2.5	4.97279e-08
11	-2	2.81656e-07
11	-1.5	1.29762e-06
11	-1	4.86278e-06
11	-0.5	1.48228e-05
11	0	3.67523e-05
11	0.5	7.4122e-05
11	1	0.000121596
11	1.5	0.000162256
11	2	0.000176112
11	2.5	0.000155484
11	3	0.000111659
11	3.5	6.52243e-05
11	4	3.09908e-05
11	4.5	1.19775e-05
11	5	3.76537e-06
11	5.5	9.6285e-07
11	6	2.00271e-07
11	6.5	3.38833e-08
11	7	4.66297e-09
11	7.5	5.21973e-10
11	8	4.75272e-11
11	8.5	3.52002e-12
11	9	2.12059e-13
11	9.5	1.03915e-14
11	10	4.14197e-16
11.5	-10	6.98142e-31
11.5	-9.5	9.34879e-29
11.5	-9	1.0183e-26
11.5	-8.5	9.02204e-25
11.5	-8	6.50194e-23
11.5	-7.5	3.81144e-21
11.5	-7	1.81738e-19
11.5	-6.5	7.04869e-18
11.5	-6	2.22373e-16
11.5	-5.5	5.70641e-15
11.5	-5	1.19111e-13
11.5	-4.5	2.02233e-12
11.5	-4	2.79293e-11
11.5	-3.5	3.13745e-10
11.5	-3	2.86683e-09
11.5	-2.5	2.13077e-08
11.5	-2	1.28819e-07
11.5	-1.5	6.33477e-07
11.5	-1	2.53391e-06
11.5	-0.5	8.24442e-06
11.5	0	2.18192e-05
11.5	0.5	4.69704e-05
11.5	1	8.2247e-05
11.5	1.5	0.000117145
11.5	2	0.000135718
11.5	2.5	0.000127896
11.5	3	9.80367e-05
11.5	3.5	6.11263e-05
11.5	4	3.1001e-05
11.5	4.5	1.27889e-05
11.5	5	4.29139e-06
11.5	5.5	1.17131e-06
11.5	6	2.60049e-07
11.5	6.5	4.69619e-08
11.5	7	6.89837e-09
11.5	7.5	8.24243e-10
11.5	8	8.01075e-11
11.5	8.5	6.33286e-12
11.5	9	4.07225e-13
11.5	9.5	2.13e-14
11.5	10	9.06216e-16
12	-10	1.09452e-31
12	-9.5	1.56444e-29
12	-9	1.81888e-27
12	-8.5	1.72011e-25
12	-8	1.32318e-23
12	-7.5	8.2792e-22
12	-7	4.21373e-20
12	-6.5	1.74443e-18
12	-6	5.87423e-17
12	-5.5	1.609e-15
12	-5	3.58484e-14
12	-4.5	6.4967e-13
12	-4	9.57688e-12
12	-3.5	1.14832e-10
12	-3	1.11999e-09
12	-2.5	8.88528e-09
12	-2	5.73373e-08
12	-1.5	3.00963e-07
12	-1	1.28498e-06
12	-0.5	4.46261e-06
12	0	1.26064e-05
12	0.5	2.89668e-05
12	1	5.41401e-05
12	1.5	8.23089e-05
12	2	0.000101785
12	2.5	0.000102383
12	3	8.37688e-05
12	3.5	5.575e-05
12	4	3.01798e-05
12	4.5	1.32891e-05
12	5	4.75976e-06
12	5.5	1.3867e-06
12	6	3.28616e-07
12	6.5	6.33438e-08
12	7	9.93181e-09
12	7.5	1.26666e-09
12	8	1.31402e-10
12	8.5	1.1088e-11
12	9	7.61046e-13
12	9.5	4.24892e-14
12	10	1.92955e-15
12.5	-10	1.66995e-32
12.5	-9.5	2.54779e-30
12.5	-9	3.16177e-28
12.5	-8.5	3.19159e-26
12.5	-8	2.62055e-24
12.5	-7.5	1.75019e-22
12.5	-7	9.50798e-21
12.5	-6.5	4.20145e-19
12.5	-6	1.51015e-17
12.5	-5.5	4.41518e-16
12.5	-5	1.04999e-14
12.5	-4.5	2.0311e-13
12.5	-4	3.19585e-12
12.5	-3.5	4.09025e-11
12.5	-3	4.25817e-10
12.5	-2.5	3.60582e-09
12.5	-2	2.48367e-08
12.5	-1.5	1.39153e-07
12.5	-1	6.34162e-07
12.5	-0.5	2.3508e-06
12.5	0	7.08828e-06
12.5	0.5	1.7385e-05
12.5	1	3.4683e-05
12.5	1.5	5.62819e-05
12.5	2	7.42897e-05
12.5	2.5	7.97622e-05
12.5	3	6.96586e-05
12.5	3.5	4.94835e-05
12.5	4	2.85927e-05
12.5	4.5	1.34388e-05
12.5	5	5.13773e-06
12.5	5.5	1.59769e-06
12.5	6	4.04132e-07
12.5	6.5	8.31498e-08
12.5	7	1.39158e-08
12.5	7.5	1.89437e-09
12.5	8	2.09763e-10
12.5	8.5	1.88931e-11
12.5	9	1.38416e-12
12.5	9.5	8.24854e-14
12.5	10	3.99831e-15
13	-10	2.47961e-33
13	-9.5	4.03799e-31
13	-9	5.3488e-29
13	-8.5	5.7631e-27
13	-8	5.05085e-25
13	-7.5	3.60066e-23
13	-7	2.08789e-21
13	-6.5	9.84788e-20
13	-6	3.77821e-18
13	-5.5	1.17907e-16
13	-5	2.99295e-15
13	-4.5	6.17972e-14
13	-4	1.03788e-12
13	-3.5	1.41786e-11
13	-3	1.57554e-10
13	-2.5	1.42408e-09
13	-2	1.04701e-08
13	-1.5	6.2614e-08
13	-1	3.04581e-07
13	-0.5	1.20515e-06
13	0	3.87874e-06
13	0.5	1.01542e-05
13	1	2.16229e-05
13	1.5	3.74532e-05
13	2	5.27682e-05
13	2.5	6.04734e-05
13	3	5.63722e-05
13	3.5	4.2744e-05
13	4	2.63629e-05
13	4.5	1.32258e-05
13	5	5.39705e-06
13	5.5	1.79144e-06
13	6	4.83676e-07
13	6.5	1.06223e-07
13	7	1.89753e-08
13	7.5	2.7572e-09
13	8	3.25879e-10
13	8.5	3.13295e-11
13	9	2.44996e-12
13	9.5	1.55838e-13
13	10	8.06301e-15
13.5	-10	3.58311e-34
13.5	-9.5	6.22824e-32
13.5	-9	8.80603e-30
13.5	-8.5	1.01275e-27
13.5	-8	9.47405e-26
13.5	-7.5	7.20902e-24
13.5	-7	4.46196e-22
13.5	-6.5	2.24638e-20
13.5	-6	9.19922e-19
13.5	-5.5	3.06427e-17
13.5	-5	8.30255e-16
13.5	-4.5	1.82981e-14
13.5	-4	3.28025e-13
13.5	-3.5	4.78319e-12
13.5	-3	5.67332e-11
13.5	-2.5	5.47351e-10
13.5	-2	4.29539e-09
13.5	-1.5	2.74188e-08
13.5	-1	1.42365e-07
13.5	-0.5	6.01265e-07
13.5	0	2.06556e-06
13.5	0.5	5.7719e-06
13.5	1	1.31192e-05
13.5	1.5	2.42553e-05
13.5	2	3.64766e-05
13.5	2.5	4.462e-05
13.5	3	4.43971e-05
13.5	3.5	3.59325e-05
13.5	4	2.36554e-05
13.5	4.5	1.26672e-05
13.5	5	5.51747e-06
13.5	5.5	1.95483e-06
13.5	6	5.63359e-07
13.5	6.5	1.3206e-07
13.5	7	2.51806e-08
13.5	7.5	3.90543e-09
13.5	8	4.92698e-10
13.5	8.5	5.05593e-11
13.5	9	4.22018e-12
13.5	9.5	2.86529e-13
13.5	10	1.5824e-14
14	-10	5.03889e-35
14	-9.5	9.34898e-33
14	-9	1.41092e-30
14	-8.5	1.73201e-28
14	-8	1.72944e-26
14	-7.5	1.40465e-24
14	-7	9.27988e-23
14	-6.5	4.98683e-21
14	-6	2.17979e-19
14	-5.5	7.75023e-18
14	-5	2.24142e-16
14	-4.5	5.27278e-15
14	-4	1.00894e-13
14	-3.5	1.57036e-12
14	-3	1.98812e-11
14	-2.5	2.04736e-10
14	-2	1.71496e-09
14	-1.5	1.16849e-08
14	-1	6.47593e-08
14	-0.5	2.91937e-07
14	0	1.0705e-06
14	0.5	3.19293e-06
14	1	7.74644e-06
14	1.5	1.52871e-05
14	2	2.45389e-05
14	2.5	3.20401e-05
14	3	3.40284e-05
14	3.5	2.93967e-05
14	4	2.06569e-05
14	4.5	1.1807e-05
14	5	5.48936e-06
14	5.5	2.07593e-06
14	6	6.38578e-07
14	6.5	1.5978e-07
14	7	3.25193e-08
14	7.5	5.38355e-09
14	8	7.24943e-10
14	8.5	7.94051e-11
14	9	7.07459e-12
14	9.5	5.127e-13
14	10	3.02227e-14
14.5	-10	6.89618e-36
14.5	-9.5	1.36572e-33
14.5	-9	2.2e-31
14.5	-8.5	2.88266e-29
14.5	-8	3.07237e-27
14.5	-7.5	2.66355e-25
14.5	-7	1.87827e-23
14.5	-6.5	1.07737e-21
14.5	-6	5.02663e-20
14.5	-5.5	1.90766e-18
14.5	-5	5.88887e-17
14.5	-4.5	1.47867e-15
14.5	-4	3.0201e-14
14.5	-3.5	5.01741e-13
14.5	-3	6.78025e-12
14.5	-2.5	7.45283e-11
14.5	-2	6.66355e-10
14.5	-1.5	4.84617e-09
14.5	-1	2.86682e-08
14.5	-0.5	1.37946e-07
14.5	0	5.3992e-07
14.5	0.5	1.71893e-06
14.5	1	4.45137e-06
14.5	1.5	9.37647e-06
14.5	2	1.60655e-05
14.5	2.5	2.23901e-05
14.5	3	2.53821e-05
14.5	3.5	2.3405e-05
14.5	4	1.75549e-05
14.5	4.5	1.07101e-05
14.5	5	5.31499e-06
14.5	5.5	2.14545e-06
14.5	6	7.04436e-07
14.5	6.5	1.88137e-07
14.5	7	4.08711e-08
14.5	7.5	7.22215e-09
14.5	8	1.03807e-09
14.5	8.5	1.21365e-10
14.5	9	1.15417e-11
14.5	9.5	8.92803e-13
14.5	10	5.61758e-14
15	-10	9.18504e-37
15	-9.5	1.94159e-34
15	-9	3.33843e-32
15	-8.5	4.66914e-30
15	-8	5.31177e-28
15	-7.5	4.91531e-26
15	-7	3.69974e-24
15	-6.5	2.26517e-22
15	-6	1.12807e-20
15	-5.5	4.56967e-19
15	-5	1.5057e-17
15	-4.5	4.03556e-16
15	-4	8.79785e-15
15	-3.5	1.56012e-13
15	-3	2.25034e-12
15	-2.5	2.64026e-11
15	-2	2.51973e-10
15	-1.5	1.95601e-09
15	-1	1.23508e-08
15	-0.5	6.34352e-08
15	0	2.65017e-07
15	0.5	9.00584e-07
15	1	2.48934e-06
15	1.5	5.59698e-06
15	2	1.0236e-05
15	2.5	1.52271e-05
15	3	1.84252e-05
15	3.5	1.8135e-05
15	4	1.45188e-05
15	4.5	9.45477e-06
15	5	5.00819e-06
15	5.5	2.15784e-06
15	6	7.56254e-07
15	6.5	2.15588e-07
15	7	4.99907e-08
15	7.5	9.42895e-09
15	8	1.44659e-09
15	8.5	1.80525e-10
15	9	1.83247e-11
15	9.5	1.51303e-12
15	10	1.01616e-13
15.5	-10	1.19056e-37
15.5	-9.5	2.68628e-35
15.5	-9	4.93016e-33
15.5	-8.5	7.36001e-31
15.5	-8	8.93727e-29
15.5	-7.5	8.82754e-27
15.5	-7	7.09224e-25
15.5	-6.5	4.63485e-23
15.5	-6	2.46375e-21
15.5	-5.5	1.06529e-19
15.5	-5	3.74668e-18
15.5	-4.5	1.07185e-16
15.5	-4	2.49419e-15
15.5	-3.5	4.72101e-14
15.5	-3	7.26856e-13
15.5	-2.5	9.10272e-12
15.5	-2	9.27262e-11
15.5	-1.5	7.6832e-10
15.5	-1	5.17835e-09
15.5	-0.5	2.83889e-08
15.5	0	1.26595e-07
15.5	0.5	4.59187e-07
15.5	1	1.3548e-06
15.5	1.5	3.25137e-06
15.5	2	6.34698e-06
15.5	2.5	1.00781e-05
15.5	3	1.30166e-05
15.5	3.5	1.36749e-05
15.5	4	1.16858e-05
15.5	4.5	8.12278e-06
15.5	5	4.5926e-06
15.5	5.5	2.11213e-06
15.5	6	7.90119e-07
15.5	6.5	2.40421e-07
15.5	7	5.9506e-08
15.5	7.5	1.198e-08
15.5	8	1.96184e-09
15.5	8.5	2.61324e-10
15.5	9	2.83141e-11
15.5	9.5	2.49538e-12
15.5	10	1.78886e-13
16	-10	1.50183e-38
16	-9.5	3.61697e-36
16	-9	7.08561e-34
16	-8.5	1.12906e-31
16	-8	1.46342e-29
16	-7.5	1.54286e-27
16	-7	1.3231e-25
16	-6.5	9.22933e-24
16	-6	5.23667e-22
16	-5.5	2.41684e-20
16	-5	9.073e-19
16	-4.5	2.77052e-17
16	-4	6.88148e-16
16	-3.5	1.39031e-14
16	-3	2.2848e-13
16	-2.5	3.05417e-12
16	-2	3.32084e-11
16	-1.5	2.93706e-10
16	-1	2.11293e-09
16	-0.5	1.23642e-08
16	0	5.88512e-08
16	0.5	2.27853e-07
16	1	7.17565e-07
16	1.5	1.83813e-06
16	2	3.83003e-06
16	2.5	6.49136e-06
16	3	8.94907e-06
16	3.5	1.00353e-05
16	4	9.15353e-06
16	4.5	6.79137e-06
16	5	4.09859e-06
16	5.5	2.01197e-06
16	6	8.0337e-07
16	6.5	2.60927e-07
16	7	6.89336e-08
16	7.5	1.48133e-08
16	8	2.5893e-09
16	8.5	3.68146e-10
16	9	4.25763e-11
16	9.5	4.0052e-12
16	10	3.0647e-13
16.5	-10	1.8437e-39
16.5	-9.5	4.73954e-37
16.5	-9	9.91043e-35
16.5	-8.5	1.68561e-32
16.5	-8	2.33201e-30
16.5	-7.5	2.62429e-28
16.5	-7	2.40217e-26
16.5	-6.5	1.78856e-24
16.5	-6	1.08321e-22
16.5	-5.5	5.33616e-21
16.5	-5	2.13823e-19
16.5	-4.5	6.9693e-18
16.5	-4	1.8477e-16
16.5	-3.5	3.9846e-15
16.5	-3	6.98949e-14
16.5	-2.5	9.97275e-13
16.5	-2	1.15743e-11
16.5	-1.5	1.09265e-10
16.5	-1	8.39028e-10
16.5	-0.5	5.2406e-09
16.5	0	2.66253e-08
16.5	0.5	1.10031e-07
16.5	1	3.69868e-07
16.5	1.5	1.01132e-06
16.5	2	2.24924e-06
16.5	2.5	4.06904e-06
16.5	3	5.98767e-06
16.5	3.5	7.16692e-06
16.5	4	6.97776e-06
16.5	4.5	5.52597e-06
16.5	5	3.55966e-06
16.5	5.5	1.86517e-06
16.5	6	7.94945e-07
16.5	6.5	2.7559e-07
16.5	7	7.77141e-08
16.5	7.5	1.78256e-08
16.5	8	3.32581e-09
16.5	8.5	5.04731e-10
16.5	9	6.23061e-11
16.5	9.5	6.25619e-12
16.5	10	5.10974e-13
17	-10	2.2027e-40
17	-9.5	6.04403e-38
17	-9	1.34898e-35
17	-8.5	2.44903e-33
17	-8	3.61652e-31
17	-7.5	4.34407e-29
17	-7	4.24435e-27
17	-6.5	3.37314e-25
17	-6	2.18055e-23
17	-5.5	1.14659e-21
17	-5	4.90407e-20
17	-4.5	1.70614e-18
17	-4	4.82816e-17
17	-3.5	1.11137e-15
17	-3	2.08085e-14
17	-2.5	3.16909e-13
17	-2	3.92588e-12
17	-1.5	3.95592e-11
17	-1	3.2424e-10
17	-0.5	2.1617e-09
17	0	1.17228e-08
17	0.5	5.17103e-08
17	1	1.85538e-07
17	1.5	5.41496e-07
17	2	1.28548e-06
17	2.5	2.48226e-06
17	3	3.89885e-06
17	3.5	4.98121e-06
17	4	5.17657e-06
17	4.5	4.3758e-06
17	5	3.00872e-06
17	5.5	1.68273e-06
17	6	7.65521e-07
17	6.5	2.83275e-07
17	7	8.52643e-08
17	7.5	2.08754e-08
17	8	4.15731e-09
17	8.5	6.73438e-10
17	9	8.87344e-11
17	9.5	9.51032e-12
17	10	8.291e-13
17.5	-10	2.56107e-41
17.5	-9.5	7.50093e-39
17.5	-9	1.78697e-36
17.5	-8.5	3.46282e-34
17.5	-8	5.45821e-32
17.5	-7.5	6.99809e-30
17.5	-7	7.29823e-28
17.5	-6.5	6.19105e-26
17.5	-6	4.27189e-24
17.5	-5.5	2.39764e-22
17.5	-5	1.0946e-20
17.5	-4.5	4.06479e-19
17.5	-4	1.2278e-17
17.5	-3.5	3.01667e-16
17.5	-3	6.02887e-15
17.5	-2.5	9.80061e-14
17.5	-2	1.29592e-12
17.5	-1.5	1.39384e-11
17.5	-1	1.21943e-10
17.5	-0.5	8.67775e-10
17.5	0	5.02305e-09
17.5	0.5	2.36503e-08
17.5	1	9.05764e-08
17.5	1.5	2.82164e-07
17.5	2	7.14985e-07
17.5	2.5	1.47367e-06
17.5	3	2.47067e-06
17.5	3.5	3.36927e-06
17.5	4	3.73737e-06
17.5	4.5	3.37214e-06
17.5	5	2.47488e-06
17.5	5.5	1.47744e-06
17.5	6	7.17424e-07
17.5	6.5	2.83367e-07
17.5	7	9.10401e-08
17.5	7.5	2.37916e-08
17.5	8	5.05737e-09
17.5	8.5	8.74448e-10
17.5	9	1.22985e-10
17.5	9.5	1.40695e-11
17.5	10	1.30922e-12
18	-10	2.8979e-42
18	-9.5	9.05945e-40
18	-9	2.30371e-37
18	-8.5	4.76501e-35
18	-8	8.01692e-33
18	-7.5	1.09714e-30
18	-7	1.2213e-28
18	-6.5	1.10584e-26
18	-6	8.14463e-25
18	-5.5	4.87932e-23
18	-5	2.37769e-21
18	-4.5	9.42456e-20
18	-4	3.03861e-18
18	-3.5	7.96889e-17
18	-3	1.69992e-15
18	-2.5	2.94964e-14
18	-2	4.16312e-13
18	-1.5	4.77943e-12
18	-1	4.46317e-11
18	-0.5	3.39014e-10
18	0	2.09461e-09
18	0.5	1.05268e-08
18	1	4.30325e-08
18	1.5	1.43089e-07
18	2	3.87013e-07
18	2.5	8.51439e-07
18	3	1.52367e-06
18	3.5	2.21787e-06
18	4	2.62597e-06
18	4.5	2.52902e-06
18	5	1.98118e-06
18	5.5	1.26242e-06
18	6	6.54324e-07
18	6.5	2.75861e-07
18	7	9.46013e-08
18	7.5	2.63884e-08
18	8	5.98737e-09
18	8.5	1.10502e-09
18	9	1.65886e-10
18	9.5	2.02563e-11
18	10	2.01196e-12
18.5	-10	3.19114e-43
18.5	-9.5	1.06485e-40
18.5	-9	2.89026e-38
18.5	-8.5	6.38111e-36
18.5	-8	1.14595e-33
18.5	-7.5	1.67394e-31
18.5	-7	1.98896e-29
18.5	-6.5	1.92229e-27
18.5	-6	1.5112e-25
18.5	-5.5	9.66347e-24
18.5	-5	5.02636e-22
18.5	-4.5	2.12658e-20
18.5	-4	7.31846e-19
18.5	-3.5	2.04864e-17
18.5	-3	4.66467e-16
18.5	-2.5	8.63943e-15
18.5	-2	1.30154e-13
18.5	-1.5	1.59492e-12
18.5	-1	1.58975e-11
18.5	-0.5	1.28893e-10
18.5	0	8.50032e-10
18.5	0.5	4.55986e-09
18.5	1	1.98965e-08
18.5	1.5	7.06172e-08
18.5	2	2.0387e-07
18.5	2.5	4.78745e-07
18.5	3	9.14459e-07
18.5	3.5	1.4208e-06
18.5	4	1.79561e-06
18.5	4.5	1.84585e-06
18.5	5	1.54345e-06
18.5	5.5	1.04977e-06
18.5	6	5.80776e-07
18.5	6.5	2.61354e-07
18.5	7	9.56665e-08
18.5	7.5	2.84838e-08
18.5	8	6.89837e-09
18.5	8.5	1.35895e-09
18.5	9	2.17755e-10
18.5	9.5	2.83819e-11
18.5	10	3.00901e-12
19	-10	3.41985e-44
19	-9.5	1.21807e-41
19	-9	3.52895e-39
19	-8.5	8.31625e-37
19	-8	1.59411e-34
19	-7.5	2.48553e-32
19	-7	3.1523e-30
19	-6.5	3.25196e-28
19	-6	2.72879e-26
19	-5.5	1.86254e-24
19	-5	1.03407e-22
19	-4.5	4.66984e-21
19	-4	1.71539e-19
19	-3.5	5.12546e-18
19	-3	1.24569e-16
19	-2.5	2.46263e-15
19	-2	3.96e-14
19	-1.5	5.17964e-13
19	-1	5.51078e-12
19	-0.5	4.76909e-11
19	0	3.35712e-10
19	0.5	1.92224e-09
19	1	8.95273e-09
19	1.5	3.39166e-08
19	2	1.04515e-07
19	2.5	2.61971e-07
19	3	5.34118e-07
19	3.5	8.85788e-07
19	4	1.1949e-06
19	4.5	1.31111e-06
19	5	1.1702e-06
19	5.5	8.49545e-07
19	6	5.01675e-07
19	6.5	2.40973e-07
19	7	9.41502e-08
19	7.5	2.99215e-08
19	8	7.7349e-09
19	8.5	1.62643e-09
19	9	2.78178e-10
19	9.5	3.87008e-11
19	10	4.37952e-12
19.5	-10	3.56669e-45
19.5	-9.5	1.35598e-42
19.5	-9	4.19325e-40
19.5	-8.5	1.05477e-37
19.5	-8	2.1581e-35
19.5	-7.5	3.59166e-33
19.5	-7	4.86214e-31
19.5	-6.5	5.35388e-29
19.5	-6	4.79533e-27
19.5	-5.5	3.49363e-25
19.5	-5	2.07035e-23
19.5	-4.5	9.97975e-22
19.5	-4	3.91295e-20
19.5	-3.5	1.24795e-18
19.5	-3	3.23743e-17
19.5	-2.5	6.83142e-16
19.5	-2	1.17255e-14
19.5	-1.5	1.63704e-13
19.5	-1	1.85907e-12
19.5	-0.5	1.71728e-11
19.5	0	1.29032e-10
19.5	0.5	7.88607e-10
19.5	1	3.92042e-09
19.5	1.5	1.58531e-08
19.5	2	5.21439e-08
19.5	2.5	1.39509e-07
19.5	3	3.03605e-07
19.5	3.5	5.37433e-07
19.5	4	7.73837e-07
19.5	4.5	9.06322e-07
19.5	5	8.63426e-07
19.5	5.5	6.69077e-07
19.5	6	4.21731e-07
19.5	6.5	2.16224e-07
19.5	7	9.01739e-08
19.5	7.5	3.05891e-08
19.5	8	8.44037e-09
19.5	8.5	1.89437e-09
19.5	9	3.45841e-10
19.5	9.5	5.13568e-11
19.5	10	6.20337e-12
20	-10	3.62012e-46
20	-9.5	1.46905e-43
20	-9	4.84904e-41
20	-8.5	1.30192e-38
20	-8	2.84331e-36
20	-7.5	5.05092e-34
20	-7	7.29838e-32
20	-6.5	8.5781e-30
20	-6	8.20095e-28
20	-5.5	6.37744e-26
20	-5	4.03401e-24
20	-4.5	2.07557e-22
20	-4	8.6865e-21
20	-3.5	2.95707e-19
20	-3	8.18818e-18
20	-2.5	1.84426e-16
20	-2	3.37882e-15
20	-1.5	5.0352e-14
20	-1	6.10348e-13
20	-0.5	6.01793e-12
20	0	4.82642e-11
20	0.5	3.14856e-10
20	1	1.67074e-09
20	1.5	7.21129e-09
20	2	2.53178e-08
20	2.5	7.23016e-08
20	3	1.67949e-07
20	3.5	3.17335e-07
20	4	4.87715e-07
20	4.5	6.0971e-07
20	5	6.19996e-07
20	5.5	5.12818e-07
20	6	3.45022e-07
20	6.5	1.88816e-07
20	7	8.40503e-08
20	7.5	3.04333e-08
20	8	8.96328e-09
20	8.5	2.14731e-09
20	9	4.18437e-10
20	9.5	6.63245e-11
20	10	8.5512e-12
