-20	-10	7.56286e-42
-20	-9.5	8.92774e-43
-20	-9	8.20773e-44
-20	-8.5	5.87667e-45
-20	-8	3.27692e-46
-20	-7.5	1.42307e-47
-20	-7	4.81297e-49
-20	-6.5	1.26773e-50
-20	-6	2.60056e-52
-20	-5.5	4.15464e-54
-20	-5	5.16923e-56
-20	-4.5	5.00893e-58
-20	-4	3.77999e-60
-20	-3.5	2.22158e-62
-20	-3	1.01686e-64
-20	-2.5	3.62481e-67
-20	-2	1.00632e-69
-20	-1.5	2.17577e-72
-20	-1	3.66368e-75
-20	-0.5	4.80449e-78
-20	0	4.90686e-81
-20	0.5	3.90289e-84
-20	1	2.41766e-87
-20	1.5	1.16636e-90
-20	2	4.38221e-94
-20	2.5	1.28228e-97
-20	3	2.92211e-101
-20	3.5	5.18606e-105
-20	4	7.16812e-109
-20	4.5	7.71612e-113
-20	5	6.46873e-117
-20	5.5	4.22344e-121
-20	6	2.14753e-125
-20	6.5	8.5043e-130
-20	7	2.62279e-134
-20	7.5	6.29965e-139
-20	8	1.17841e-143
-20	8.5	1.71672e-148
-20	9	1.94774e-153
-20	9.5	1.72103e-158
-20	10	1.18433e-163
-19.5	-10	1.96392e-39
-19.5	-9.5	2.7388e-40
-19.5	-9	2.97457e-41
-19.5	-8.5	2.51603e-42
-19.5	-8	1.65742e-43
-19.5	-7.5	8.50306e-45
-19.5	-7	3.39738e-46
-19.5	-6.5	1.05716e-47
-19.5	-6	2.56191e-49
-19.5	-5.5	4.83517e-51
-19.5	-5	7.10701e-53
-19.5	-4.5	8.13558e-55
-19.5	-4	7.25297e-57
-19.5	-3.5	5.03582e-59
-19.5	-3	2.72302e-61
-19.5	-2.5	1.14672e-63
-19.5	-2	3.7609e-66
-19.5	-1.5	9.60619e-69
-19.5	-1	1.9109e-71
-19.5	-0.5	2.9604e-74
-19.5	0	3.57181e-77
-19.5	0.5	3.35625e-80
-19.5	1	2.4561e-83
-19.5	1.5	1.39979e-86
-19.5	2	6.2131e-90
-19.5	2.5	2.14773e-93
-19.5	3	5.78197e-97
-19.5	3.5	1.21227e-100
-19.5	4	1.97947e-104
-19.5	4.5	2.51725e-108
-19.5	5	2.49304e-112
-19.5	5.5	1.9229e-116
-19.5	6	1.15508e-120
-19.5	6.5	5.40374e-125
-19.5	7	1.96881e-129
-19.5	7.5	5.58647e-134
-19.5	8	1.23452e-138
-19.5	8.5	2.12464e-143
-19.5	9	2.84774e-148
-19.5	9.5	2.97262e-153
-19.5	10	2.41661e-158
-19	-10	4.08366e-37
-19	-9.5	6.72775e-38
-19	-9	8.6321e-39
-19	-8.5	8.6256e-40
-19	-8	6.71256e-41
-19	-7.5	4.06831e-42
-19	-7	1.92029e-43
-19	-6.5	7.05902e-45
-19	-6	2.02092e-46
-19	-5.5	4.50589e-48
-19	-5	7.82416e-50
-19	-4.5	1.05809e-51
-19	-4	1.11438e-53
-19	-3.5	9.14047e-56
-19	-3	5.83891e-58
-19	-2.5	2.90483e-60
-19	-2	1.12548e-62
-19	-1.5	3.39609e-65
-19	-1	7.98082e-68
-19	-0.5	1.46064e-70
-19	0	2.08192e-73
-19	0.5	2.31106e-76
-19	1	1.99795e-79
-19	1.5	1.3452e-82
-19	2	7.05363e-86
-19	2.5	2.88049e-89
-19	3	9.16106e-93
-19	3.5	2.26909e-96
-19	4	4.37707e-100
-19	4.5	6.57571e-104
-19	5	7.69357e-108
-19	5.5	7.01034e-112
-19	6	4.97482e-116
-19	6.5	2.74942e-120
-19	7	1.1834e-124
-19	7.5	3.96688e-129
-19	8	1.0356e-133
-19	8.5	2.10553e-138
-19	9	3.33394e-143
-19	9.5	4.11132e-148
-19	10	3.94848e-153
-18.5	-10	6.79934e-35
-18.5	-9.5	1.32333e-35
-18.5	-9	2.00585e-36
-18.5	-8.5	2.36785e-37
-18.5	-8	2.17688e-38
-18.5	-7.5	1.55863e-39
-18.5	-7	8.69116e-41
-18.5	-6.5	3.77432e-42
-18.5	-6	1.27651e-43
-18.5	-5.5	3.36232e-45
-18.5	-5	6.8973e-47
-18.5	-4.5	1.10191e-48
-18.5	-4	1.371e-50
-18.5	-3.5	1.32849e-52
-18.5	-3	1.00254e-54
-18.5	-2.5	5.89216e-57
-18.5	-2	2.69695e-59
-18.5	-1.5	9.61384e-62
-18.5	-1	2.669e-64
-18.5	-0.5	5.77066e-67
-18.5	0	9.71693e-70
-18.5	0.5	1.27426e-72
-18.5	1	1.30141e-75
-18.5	1.5	1.03514e-78
-18.5	2	6.41221e-82
-18.5	2.5	3.09345e-85
-18.5	3	1.16227e-88
-18.5	3.5	3.4009e-92
-18.5	4	7.75012e-96
-18.5	4.5	1.37547e-99
-18.5	5	1.90115e-103
-18.5	5.5	2.0465e-107
-18.5	6	1.71566e-111
-18.5	6.5	1.12015e-115
-18.5	7	5.69575e-120
-18.5	7.5	2.25554e-124
-18.5	8	6.95627e-129
-18.5	8.5	1.67082e-133
-18.5	9	3.12541e-138
-18.5	9.5	4.55315e-143
-18.5	10	5.16587e-148
-18	-10	9.06513e-33
-18	-9.5	2.08429e-33
-18	-9	3.73225e-34
-18	-8.5	5.20485e-35
-18	-8	5.65291e-36
-18	-7.5	4.78148e-37
-18	-7	3.14977e-38
-18	-6.5	1.61593e-39
-18	-6	6.45642e-41
-18	-5.5	2.00904e-42
-18	-5	4.86867e-44
-18	-4.5	9.1888e-46
-18	-4	1.35062e-47
-18	-3.5	1.54609e-49
-18	-3	1.37836e-51
-18	-2.5	9.57013e-54
-18	-2	5.17486e-56
-18	-1.5	2.17924e-58
-18	-1	7.14724e-61
-18	-0.5	1.82557e-63
-18	0	3.63149e-66
-18	0.5	5.62597e-69
-18	1	6.78791e-72
-18	1.5	6.37824e-75
-18	2	4.66759e-78
-18	2.5	2.66018e-81
-18	3	1.18074e-84
-18	3.5	4.08156e-88
-18	4	1.09881e-91
-18	4.5	2.30381e-95
-18	5	3.76181e-99
-18	5.5	4.7838e-103
-18	6	4.73779e-107
-18	6.5	3.6543e-111
-18	7	2.19513e-115
-18	7.5	1.02693e-119
-18	8	3.74154e-124
-18	8.5	1.06166e-128
-18	9	2.3461e-133
-18	9.5	4.03769e-138
-18	10	5.41186e-143
-17.5	-10	9.67768e-31
-17.5	-9.5	2.62868e-31
-17.5	-9	5.56074e-32
-17.5	-8.5	9.1612e-33
-17.5	-8	1.17544e-33
-17.5	-7.5	1.17455e-34
-17.5	-7	9.14052e-36
-17.5	-6.5	5.53983e-37
-17.5	-6	2.61486e-38
-17.5	-5.5	9.61229e-40
-17.5	-5	2.75189e-41
-17.5	-4.5	6.13568e-43
-17.5	-4	1.06542e-44
-17.5	-3.5	1.4408e-46
-17.5	-3	1.51745e-48
-17.5	-2.5	1.24466e-50
-17.5	-2	7.95086e-53
-17.5	-1.5	3.95552e-55
-17.5	-1	1.53257e-57
-17.5	-0.5	4.62446e-60
-17.5	0	1.08675e-62
-17.5	0.5	1.98895e-65
-17.5	1	2.83496e-68
-17.5	1.5	3.14698e-71
-17.5	2	2.72062e-74
-17.5	2.5	1.83176e-77
-17.5	3	9.60495e-81
-17.5	3.5	3.92237e-84
-17.5	4	1.24746e-87
-17.5	4.5	3.08983e-91
-17.5	5	5.96028e-95
-17.5	5.5	8.95416e-99
-17.5	6	1.04764e-102
-17.5	6.5	9.54601e-107
-17.5	7	6.77422e-111
-17.5	7.5	3.7439e-115
-17.5	8	1.61144e-119
-17.5	8.5	5.40171e-124
-17.5	9	1.41018e-128
-17.5	9.5	2.86711e-133
-17.5	10	4.53984e-138
-17	-10	8.27291e-29
-17	-9.5	2.65466e-29
-17	-9	6.63414e-30
-17	-8.5	1.29118e-30
-17	-8	1.95711e-31
-17	-7.5	2.31031e-32
-17	-7	2.12399e-33
-17	-6.5	1.52076e-34
-17	-6	8.47999e-36
-17	-5.5	3.68261e-37
-17	-5	1.2455e-38
-17	-4.5	3.28063e-40
-17	-4	6.72971e-42
-17	-3.5	1.07513e-43
-17	-3	1.33769e-45
-17	-2.5	1.29621e-47
-17	-2	9.78183e-50
-17	-1.5	5.74899e-52
-17	-1	2.63142e-54
-17	-0.5	9.38026e-57
-17	0	2.60415e-59
-17	0.5	5.63045e-62
-17	1	9.48084e-65
-17	1.5	1.2433e-67
-17	2	1.26979e-70
-17	2.5	1.00999e-73
-17	3	6.25641e-77
-17	3.5	3.01829e-80
-17	4	1.13403e-83
-17	4.5	3.31827e-87
-17	5	7.56182e-91
-17	5.5	1.34205e-94
-17	6	1.85496e-98
-17	6.5	1.99677e-102
-17	7	1.67397e-106
-17	7.5	1.09294e-110
-17	8	5.55736e-115
-17	8.5	2.20074e-119
-17	9	6.78725e-124
-17	9.5	1.63022e-128
-17	10	3.04947e-133
-16.5	-10	5.66286e-27
-16.5	-9.5	2.14668e-27
-16.5	-9	6.33763e-28
-16.5	-8.5	1.45717e-28
-16.5	-8	2.60929e-29
-16.5	-7.5	3.63882e-30
-16.5	-7	3.95207e-31
-16.5	-6.5	3.34284e-32
-16.5	-6	2.20207e-33
-16.5	-5.5	1.12973e-34
-16.5	-5	4.51383e-36
-16.5	-4.5	1.40456e-37
-16.5	-4	3.40379e-39
-16.5	-3.5	6.42409e-41
-16.5	-3	9.4425e-43
-16.5	-2.5	1.08091e-44
-16.5	-2	9.63643e-47
-16.5	-1.5	6.69068e-49
-16.5	-1	3.61785e-51
-16.5	-0.5	1.52355e-53
-16.5	0	4.99679e-56
-16.5	0.5	1.2763e-58
-16.5	1	2.53885e-61
-16.5	1.5	3.93323e-64
-16.5	2	4.74557e-67
-16.5	2.5	4.45917e-70
-16.5	3	3.26321e-73
-16.5	3.5	1.85979e-76
-16.5	4	8.25483e-80
-16.5	4.5	2.85351e-83
-16.5	5	7.68203e-87
-16.5	5.5	1.61064e-90
-16.5	6	2.62996e-94
-16.5	6.5	3.34446e-98
-16.5	7	3.31229e-102
-16.5	7.5	2.5548e-106
-16.5	8	1.53466e-110
-16.5	8.5	7.17951e-115
-16.5	9	2.61579e-119
-16.5	9.5	7.42228e-124
-16.5	10	1.64021e-128
-16	-10	3.10387e-25
-16	-9.5	1.39001e-25
-16	-9	4.84796e-26
-16	-8.5	1.31682e-26
-16	-8	2.78561e-27
-16	-7.5	4.58923e-28
-16	-7	5.88826e-29
-16	-6.5	5.88382e-30
-16	-6	4.57888e-31
-16	-5.5	2.77514e-32
-16	-5	1.30989e-33
-16	-4.5	4.81521e-35
-16	-4	1.37854e-36
-16	-3.5	3.07362e-38
-16	-3	5.33714e-40
-16	-2.5	7.21759e-42
-16	-2	7.60155e-44
-16	-1.5	6.23504e-46
-16	-1	3.98292e-48
-16	-0.5	1.98149e-50
-16	0	7.67728e-53
-16	0.5	2.31659e-55
-16	1	5.444e-58
-16	1.5	9.96352e-61
-16	2	1.42015e-63
-16	2.5	1.57646e-66
-16	3	1.36287e-69
-16	3.5	9.17606e-73
-16	4	4.81153e-76
-16	4.5	1.96488e-79
-16	5	6.24908e-83
-16	5.5	1.54783e-86
-16	6	2.98576e-90
-16	6.5	4.48552e-94
-16	7	5.24805e-98
-16	7.5	4.782e-102
-16	8	3.3935e-106
-16	8.5	1.87548e-110
-16	9	8.07239e-115
-16	9.5	2.70595e-119
-16	10	7.0642e-124
-15.5	-10	1.36226e-23
-15.5	-9.5	7.20706e-24
-15.5	-9	2.96949e-24
-15.5	-8.5	9.52865e-25
-15.5	-8	2.38126e-25
-15.5	-7.5	4.63458e-26
-15.5	-7	7.02488e-27
-15.5	-6.5	8.29267e-28
-15.5	-6	7.62388e-29
-15.5	-5.5	5.45863e-30
-15.5	-5	3.04382e-31
-15.5	-4.5	1.32184e-32
-15.5	-4	4.4706e-34
-15.5	-3.5	1.17755e-35
-15.5	-3	2.41557e-37
-15.5	-2.5	3.8591e-39
-15.5	-2	4.80152e-41
-15.5	-1.5	4.65262e-43
-15.5	-1	3.5111e-45
-15.5	-0.5	2.06355e-47
-15.5	0	9.44524e-50
-15.5	0.5	3.36696e-52
-15.5	1	9.34736e-55
-15.5	1.5	2.021e-57
-15.5	2	3.40306e-60
-15.5	2.5	4.46272e-63
-15.5	3	4.55781e-66
-15.5	3.5	3.62526e-69
-15.5	4	2.24568e-72
-15.5	4.5	1.08339e-75
-15.5	5	4.07048e-79
-15.5	5.5	1.19106e-82
-15.5	6	2.71425e-86
-15.5	6.5	4.81715e-90
-15.5	7	6.65822e-94
-15.5	7.5	7.16724e-98
-15.5	8	6.00858e-102
-15.5	8.5	3.923e-106
-15.5	9	1.99476e-110
-15.5	9.5	7.89935e-115
-15.5	10	2.43622e-119
-15	-10	4.7875e-22
-15	-9.5	2.99219e-22
-15	-9	1.45645e-22
-15	-8.5	5.52111e-23
-15	-8	1.62999e-23
-15	-7.5	3.74774e-24
-15	-7	6.71091e-25
-15	-6.5	9.35877e-26
-15	-6	1.01644e-26
-15	-5.5	8.59752e-28
-15	-5	5.66357e-29
-15	-4.5	2.90558e-30
-15	-4	1.16092e-31
-15	-3.5	3.61243e-33
-15	-3	8.7543e-35
-15	-2.5	1.65223e-36
-15	-2	2.42854e-38
-15	-1.5	2.78001e-40
-15	-1	2.47842e-42
-15	-0.5	1.72079e-44
-15	0	9.30485e-47
-15	0.5	3.91847e-49
-15	1	1.28514e-51
-15	1.5	3.28254e-54
-15	2	6.52973e-57
-15	2.5	1.0116e-59
-15	3	1.22053e-62
-15	3.5	1.14686e-65
-15	4	8.39274e-69
-15	4.5	4.78324e-72
-15	5	2.12308e-75
-15	5.5	7.339e-79
-15	6	1.97576e-82
-15	6.5	4.14246e-86
-15	7	6.76406e-90
-15	7.5	8.6017e-94
-15	8	8.51896e-98
-15	8.5	6.57076e-102
-15	9	3.94704e-106
-15	9.5	1.84652e-110
-15	10	6.72762e-115
-14.5	-10	1.34725e-20
-14.5	-9.5	9.94738e-21
-14.5	-9	5.72001e-21
-14.5	-8.5	2.5616e-21
-14.5	-8	8.93414e-22
-14.5	-7.5	2.42672e-22
-14.5	-7	5.1335e-23
-14.5	-6.5	8.45734e-24
-14.5	-6	1.08513e-24
-14.5	-5.5	1.08431e-25
-14.5	-5	8.43825e-27
-14.5	-4.5	5.1142e-28
-14.5	-4	2.41396e-29
-14.5	-3.5	8.87377e-31
-14.5	-3	2.54046e-32
-14.5	-2.5	5.66427e-34
-14.5	-2	9.83562e-36
-14.5	-1.5	1.3301e-37
-14.5	-1	1.40086e-39
-14.5	-0.5	1.14903e-41
-14.5	0	7.33999e-44
-14.5	0.5	3.65161e-46
-14.5	1	1.41482e-48
-14.5	1.5	4.26916e-51
-14.5	2	1.00326e-53
-14.5	2.5	1.83614e-56
-14.5	3	2.61714e-59
-14.5	3.5	2.9052e-62
-14.5	4	2.51159e-65
-14.5	4.5	1.69102e-68
-14.5	5	8.867e-72
-14.5	5.5	3.62101e-75
-14.5	6	1.15162e-78
-14.5	6.5	2.85243e-82
-14.5	7	5.50234e-86
-14.5	7.5	8.26621e-90
-14.5	8	9.67145e-94
-14.5	8.5	8.81258e-98
-14.5	9	6.25376e-102
-14.5	9.5	3.45625e-106
-14.5	10	1.48763e-110
-14	-10	3.03581e-19
-14	-9.5	2.64801e-19
-14	-9	1.79883e-19
-14	-8.5	9.51671e-20
-14	-8	3.92112e-20
-14	-7.5	1.25823e-20
-14	-7	3.14439e-21
-14	-6.5	6.11982e-22
-14	-6	9.27615e-23
-14	-5.5	1.09502e-23
-14	-5	1.00671e-24
-14	-4.5	7.20796e-26
-14	-4	4.01927e-27
-14	-3.5	1.74545e-28
-14	-3	5.9033e-30
-14	-2.5	1.55492e-31
-14	-2	3.18969e-33
-14	-1.5	5.09583e-35
-14	-1	6.34026e-37
-14	-0.5	6.14365e-39
-14	0	4.6363e-41
-14	0.5	2.72486e-43
-14	1	1.24722e-45
-14	1.5	4.44597e-48
-14	2	1.23429e-50
-14	2.5	2.66867e-53
-14	3	4.49364e-56
-14	3.5	5.89289e-59
-14	4	6.01845e-62
-14	4.5	4.78705e-65
-14	5	2.96536e-68
-14	5.5	1.43058e-71
-14	6	5.37495e-75
-14	6.5	1.57276e-78
-14	7	3.58408e-82
-14	7.5	6.36091e-86
-14	8	8.79198e-90
-14	8.5	9.46412e-94
-14	9	7.93415e-98
-14	9.5	5.18021e-102
-14	10	2.63403e-106
-13.5	-10	5.47764e-18
-13.5	-9.5	5.64443e-18
-13.5	-9	4.52974e-18
-13.5	-8.5	2.83108e-18
-13.5	-8	1.37803e-18
-13.5	-7.5	5.22384e-19
-13.5	-7	1.54223e-19
-13.5	-6.5	3.54596e-20
-13.5	-6	6.34958e-21
-13.5	-5.5	8.85488e-22
-13.5	-5	9.61716e-23
-13.5	-4.5	8.13462e-24
-13.5	-4	5.35863e-25
-13.5	-3.5	2.74914e-26
-13.5	-3	1.09842e-27
-13.5	-2.5	3.41793e-29
-13.5	-2	8.28295e-31
-13.5	-1.5	1.56327e-32
-13.5	-1	2.29778e-34
-13.5	-0.5	2.63033e-36
-13.5	0	2.34498e-38
-13.5	0.5	1.62814e-40
-13.5	1	8.80386e-43
-13.5	1.5	3.70749e-45
-13.5	2	1.21594e-47
-13.5	2.5	3.1058e-50
-13.5	3	6.17816e-53
-13.5	3.5	9.57132e-56
-13.5	4	1.15481e-58
-13.5	4.5	1.08512e-61
-13.5	5	7.94086e-65
-13.5	5.5	4.5257e-68
-13.5	6	2.00877e-71
-13.5	6.5	6.94386e-75
-13.5	7	1.86938e-78
-13.5	7.5	3.91942e-82
-13.5	8	6.39988e-86
-13.5	8.5	8.13857e-90
-13.5	9	8.06029e-94
-13.5	9.5	6.21698e-98
-13.5	10	3.73452e-102
-13	-10	7.9141e-17
-13	-9.5	9.63409e-17
-13	-9	9.13368e-17
-13	-8.5	6.74385e-17
-13	-8	3.87789e-17
-13	-7.5	1.73664e-17
-13	-7	6.05692e-18
-13	-6.5	1.6452e-18
-13	-6	3.48027e-19
-13	-5.5	5.73367e-20
-13	-5	7.35663e-21
-13	-4.5	7.35109e-22
-13	-4	5.72073e-23
-13	-3.5	3.46718e-24
-13	-3	1.63655e-25
-13	-2.5	6.01599e-27
-13	-2	1.72231e-28
-13	-1.5	3.84011e-30
-13	-1	6.66808e-32
-13	-0.5	9.01747e-34
-13	0	9.49718e-36
-13	0.5	7.78989e-38
-13	1	4.97616e-40
-13	1.5	2.47562e-42
-13	2	9.59179e-45
-13	2.5	2.89429e-47
-13	3	6.80159e-50
-13	3.5	1.24482e-52
-13	4	1.7743e-55
-13	4.5	1.96958e-58
-13	5	1.70274e-61
-13	5.5	1.14643e-64
-13	6	6.0114e-68
-13	6.5	2.45487e-71
-13	7	7.80744e-75
-13	7.5	1.93381e-78
-13	8	3.73033e-82
-13	8.5	5.60409e-86
-13	9	6.55678e-90
-13	9.5	5.97451e-94
-13	10	4.23975e-98
-12.5	-10	9.15588e-16
-12.5	-9.5	1.31671e-15
-12.5	-9	1.47472e-15
-12.5	-8.5	1.28633e-15
-12.5	-8	8.73824e-16
-12.5	-7.5	4.62297e-16
-12.5	-7	1.90478e-16
-12.5	-6.5	6.11215e-17
-12.5	-6	1.52746e-17
-12.5	-5.5	2.97285e-18
-12.5	-5	4.50611e-19
-12.5	-4.5	5.31933e-20
-12.5	-4	4.89033e-21
-12.5	-3.5	3.50144e-22
-12.5	-3	1.95246e-23
-12.5	-2.5	8.47895e-25
-12.5	-2	2.86767e-26
-12.5	-1.5	7.5534e-28
-12.5	-1	1.54947e-29
-12.5	-0.5	2.47542e-31
-12.5	0	3.07993e-33
-12.5	0.5	2.98442e-35
-12.5	1	2.25219e-37
-12.5	1.5	1.32366e-39
-12.5	2	6.05865e-42
-12.5	2.5	2.15974e-44
-12.5	3	5.99586e-47
-12.5	3.5	1.29637e-49
-12.5	4	2.18289e-52
-12.5	4.5	2.86261e-55
-12.5	5	2.92361e-58
-12.5	5.5	2.32542e-61
-12.5	6	1.44049e-64
-12.5	6.5	6.94939e-68
-12.5	7	2.61101e-71
-12.5	7.5	7.64007e-75
-12.5	8	1.74105e-78
-12.5	8.5	3.08996e-82
-12.5	9	4.27091e-86
-12.5	9.5	4.59742e-90
-12.5	10	3.8542e-94
-12	-10	8.48181e-15
-12	-9.5	1.44099e-14
-12	-9	1.90661e-14
-12	-8.5	1.96467e-14
-12	-8	1.57668e-14
-12	-7.5	9.85421e-15
-12	-7	4.79653e-15
-12	-6.5	1.81827e-15
-12	-6	5.36807e-16
-12	-5.5	1.23425e-16
-12	-5	2.21011e-17
-12	-4.5	3.08214e-18
-12	-4	3.34747e-19
-12	-3.5	2.83143e-20
-12	-3	1.86519e-21
-12	-2.5	9.569e-23
-12	-2	3.82328e-24
-12	-1.5	1.18969e-25
-12	-1	2.88306e-27
-12	-0.5	5.44131e-29
-12	0	7.99794e-31
-12	0.5	9.15545e-33
-12	1	8.16221e-35
-12	1.5	5.66711e-37
-12	2	3.06438e-39
-12	2.5	1.29047e-41
-12	3	4.23236e-44
-12	3.5	1.08104e-46
-12	4	2.15045e-49
-12	4.5	3.33151e-52
-12	5	4.01957e-55
-12	5.5	3.77699e-58
-12	6	2.76399e-61
-12	6.5	1.57527e-64
-12	7	6.99197e-68
-12	7.5	2.41696e-71
-12	8	6.5068e-75
-12	8.5	1.36424e-78
-12	9	2.22762e-82
-12	9.5	2.83281e-86
-12	10	2.80556e-90
-11.5	-10	6.29169e-14
-11.5	-9.5	1.26277e-13
-11.5	-9	1.97381e-13
-11.5	-8.5	2.40279e-13
-11.5	-8	2.27798e-13
-11.5	-7.5	1.68195e-13
-11.5	-7	9.67165e-14
-11.5	-6.5	4.33127e-14
-11.5	-6	1.51062e-14
-11.5	-5.5	4.10321e-15
-11.5	-5	8.67995e-16
-11.5	-4.5	1.43e-16
-11.5	-4	1.83478e-17
-11.5	-3.5	1.8334e-18
-11.5	-3	1.42678e-19
-11.5	-2.5	8.64732e-21
-11.5	-2	4.08163e-22
-11.5	-1.5	1.50042e-23
-11.5	-1	4.29553e-25
-11.5	-0.5	9.5774e-27
-11.5	0	1.66305e-28
-11.5	0.5	2.249e-30
-11.5	1	2.36864e-32
-11.5	1.5	1.94283e-34
-11.5	2	1.24108e-36
-11.5	2.5	6.17431e-39
-11.5	3	2.39224e-41
-11.5	3.5	7.21849e-44
-11.5	4	1.69635e-46
-11.5	4.5	3.10463e-49
-11.5	5	4.42518e-52
-11.5	5.5	4.91223e-55
-11.5	6	4.24671e-58
-11.5	6.5	2.85926e-61
-11.5	7	1.49927e-64
-11.5	7.5	6.12256e-68
-11.5	8	1.94721e-71
-11.5	8.5	4.82302e-75
-11.5	9	9.3036e-79
-11.5	9.5	1.39769e-82
-11.5	10	1.63529e-86
-11	-10	3.73711e-13
-11	-9.5	8.86083e-13
-11	-9	1.63621e-12
-11	-8.5	2.35305e-12
-11	-8	2.63541e-12
-11	-7.5	2.29876e-12
-11	-7	1.56158e-12
-11	-6.5	8.26153e-13
-11	-6	3.40396e-13
-11	-5.5	1.09228e-13
-11	-5	2.72967e-14
-11	-4.5	5.31267e-15
-11	-4	8.0527e-16
-11	-3.5	9.50597e-17
-11	-3	8.73933e-18
-11	-2.5	6.25729e-19
-11	-2	3.48916e-20
-11	-1.5	1.51524e-21
-11	-1	5.1247e-23
-11	-0.5	1.34984e-24
-11	0	2.76899e-26
-11	0.5	4.42373e-28
-11	1	5.50403e-30
-11	1.5	5.33335e-32
-11	2	4.02481e-34
-11	2.5	2.36547e-36
-11	3	1.08272e-38
-11	3.5	3.85958e-41
-11	4	1.0715e-43
-11	4.5	2.31669e-46
-11	5	3.90097e-49
-11	5.5	5.11567e-52
-11	6	5.22467e-55
-11	6.5	4.15568e-58
-11	7	2.57425e-61
-11	7.5	1.2419e-64
-11	8	4.66604e-68
-11	8.5	1.36533e-71
-11	9	3.11137e-75
-11	9.5	5.52195e-79
-11	10	7.63239e-83
-10.5	-10	1.77744e-12
-10.5	-9.5	4.9787e-12
-10.5	-9	1.08608e-11
-10.5	-8.5	1.84517e-11
-10.5	-8	2.44139e-11
-10.5	-7.5	2.51573e-11
-10.5	-7	2.01891e-11
-10.5	-6.5	1.26182e-11
-10.5	-6	6.14189e-12
-10.5	-5.5	2.32828e-12
-10.5	-5	6.87374e-13
-10.5	-4.5	1.58044e-13
-10.5	-4	2.83002e-14
-10.5	-3.5	3.94663e-15
-10.5	-3	4.28638e-16
-10.5	-2.5	3.62561e-17
-10.5	-2	2.38835e-18
-10.5	-1.5	1.2253e-19
-10.5	-1	4.89566e-21
-10.5	-0.5	1.52338e-22
-10.5	0	3.69172e-24
-10.5	0.5	6.96752e-26
-10.5	1	1.02413e-27
-10.5	1.5	1.17234e-29
-10.5	2	1.04516e-31
-10.5	2.5	7.25666e-34
-10.5	3	3.92389e-36
-10.5	3.5	1.65243e-38
-10.5	4	5.41948e-41
-10.5	4.5	1.38426e-43
-10.5	5	2.75362e-46
-10.5	5.5	4.26595e-49
-10.5	6	5.14701e-52
-10.5	6.5	4.83638e-55
-10.5	7	3.53925e-58
-10.5	7.5	2.01711e-61
-10.5	8	8.95312e-65
-10.5	8.5	3.09489e-68
-10.5	9	8.33186e-72
-10.5	9.5	1.74689e-75
-10.5	10	2.85243e-79
-10	-10	6.7693e-12
-10	-9.5	2.24e-11
-10	-9	5.77267e-11
-10	-8.5	1.1586e-10
-10	-8	1.81099e-10
-10	-7.5	2.20458e-10
-10	-7	2.09007e-10
-10	-6.5	1.5432e-10
-10	-6	8.87382e-11
-10	-5.5	3.97397e-11
-10	-5	1.38601e-11
-10	-4.5	3.76473e-12
-10	-4	7.96392e-13
-10	-3.5	1.31204e-13
-10	-3	1.68342e-14
-10	-2.5	1.68216e-15
-10	-2	1.30908e-16
-10	-1.5	7.93398e-18
-10	-1	3.74493e-19
-10	-0.5	1.37664e-20
-10	0	3.94118e-22
-10	0.5	8.78734e-24
-10	1	1.52586e-25
-10	1.5	2.06347e-27
-10	2	2.17325e-29
-10	2.5	1.78257e-31
-10	3	1.1387e-33
-10	3.5	5.66498e-36
-10	4	2.1949e-38
-10	4.5	6.62302e-41
-10	5	1.55641e-43
-10	5.5	2.84852e-46
-10	6	4.06014e-49
-10	6.5	4.50701e-52
-10	7	3.89639e-55
-10	7.5	2.62339e-58
-10	8	1.37559e-61
-10	8.5	5.6175e-65
-10	9	1.78658e-68
-10	9.5	4.42516e-72
-10	10	8.53613e-76
-9.5	-10	2.06435e-11
-9.5	-9.5	8.06991e-11
-9.5	-9	2.45686e-10
-9.5	-8.5	5.82532e-10
-9.5	-8	1.07568e-09
-9.5	-7.5	1.54695e-09
-9.5	-7	1.73258e-09
-9.5	-6.5	1.51126e-09
-9.5	-6	1.02662e-09
-9.5	-5.5	5.43133e-10
-9.5	-5	2.23784e-10
-9.5	-4.5	7.1809e-11
-9.5	-4	1.79455e-11
-9.5	-3.5	3.49267e-12
-9.5	-3	5.29403e-13
-9.5	-2.5	6.24945e-14
-9.5	-2	5.74544e-15
-9.5	-1.5	4.11369e-16
-9.5	-1	2.29385e-17
-9.5	-0.5	9.96154e-19
-9.5	0	3.3691e-20
-9.5	0.5	8.87416e-22
-9.5	1	1.8204e-23
-9.5	1.5	2.90826e-25
-9.5	2	3.61848e-27
-9.5	2.5	3.50627e-29
-9.5	3	2.64601e-31
-9.5	3.5	1.55512e-33
-9.5	4	7.11805e-36
-9.5	4.5	2.53738e-38
-9.5	5	7.04428e-41
-9.5	5.5	1.52305e-43
-9.5	6	2.56459e-46
-9.5	6.5	3.36316e-49
-9.5	7	3.43482e-52
-9.5	7.5	2.73204e-55
-9.5	8	1.69237e-58
-9.5	8.5	8.16454e-62
-9.5	9	3.06756e-65
-9.5	9.5	8.97598e-69
-9.5	10	2.04549e-72
-9	-10	5.04094e-11
-9	-9.5	2.32799e-10
-9	-9	8.37288e-10
-9	-8.5	2.34529e-09
-9	-8	5.11615e-09
-9	-7.5	8.69195e-09
-9	-7	1.15005e-08
-9	-6.5	1.18507e-08
-9	-6	9.51037e-09
-9	-5.5	5.94397e-09
-9	-5	2.89323e-09
-9	-4.5	1.09677e-09
-9	-4	3.23797e-10
-9	-3.5	7.44489e-11
-9	-3	1.33312e-11
-9	-2.5	1.85912e-12
-9	-2	2.01916e-13
-9	-1.5	1.7079e-14
-9	-1	1.12507e-15
-9	-0.5	5.77194e-17
-9	0	2.30617e-18
-9	0.5	7.17608e-20
-9	1	1.73904e-21
-9	1.5	3.28215e-23
-9	2	4.82429e-25
-9	2.5	5.52249e-27
-9	3	4.92337e-29
-9	3.5	3.41835e-31
-9	4	1.84841e-33
-9	4.5	7.78403e-36
-9	5	2.55292e-38
-9	5.5	6.52075e-41
-9	6	1.29713e-43
-9	6.5	2.00954e-46
-9	7	2.42457e-49
-9	7.5	2.27825e-52
-9	8	1.66722e-55
-9	8.5	9.50189e-59
-9	9	4.2175e-62
-9	9.5	1.45789e-65
-9	10	3.92485e-69
-8.5	-10	9.85669e-11
-8.5	-9.5	5.37752e-10
-8.5	-9	2.28486e-09
-8.5	-8.5	7.56071e-09
-8.5	-8	1.94846e-08
-8.5	-7.5	3.91065e-08
-8.5	-7	6.11268e-08
-8.5	-6.5	7.44116e-08
-8.5	-6	7.05466e-08
-8.5	-5.5	5.2088e-08
-8.5	-5	2.9952e-08
-8.5	-4.5	1.34135e-08
-8.5	-4	4.67823e-09
-8.5	-3.5	1.27072e-09
-8.5	-3	2.68808e-10
-8.5	-2.5	4.42856e-11
-8.5	-2	5.6821e-12
-8.5	-1.5	5.67783e-13
-8.5	-1	4.41857e-14
-8.5	-0.5	2.67798e-15
-8.5	0	1.26403e-16
-8.5	0.5	4.64662e-18
-8.5	1	1.33028e-19
-8.5	1.5	2.96601e-21
-8.5	2	5.15028e-23
-8.5	2.5	6.96489e-25
-8.5	3	7.33542e-27
-8.5	3.5	6.01674e-29
-8.5	4	3.84348e-31
-8.5	4.5	1.91211e-33
-8.5	5	7.40849e-36
-8.5	5.5	2.23549e-38
-8.5	6	5.2534e-41
-8.5	6.5	9.61469e-44
-8.5	7	1.37043e-46
-8.5	7.5	1.52126e-49
-8.5	8	1.31516e-52
-8.5	8.5	8.8548e-56
-8.5	9	4.64307e-59
-8.5	9.5	1.89609e-62
-8.5	10	6.03029e-66
-8	-10	1.54327e-10
-8	-9.5	9.94658e-10
-8	-9	4.99268e-09
-8	-8.5	1.95173e-08
-8	-8	5.94199e-08
-8	-7.5	1.40887e-07
-8	-7	2.60157e-07
-8	-6.5	3.74134e-07
-8	-6	4.1903e-07
-8	-5.5	3.65501e-07
-8	-5	2.4829e-07
-8	-4.5	1.31358e-07
-8	-4	5.41228e-08
-8	-3.5	1.73672e-08
-8	-3	4.34016e-09
-8	-2.5	8.44711e-10
-8	-2	1.28038e-10
-8	-1.5	1.51145e-11
-8	-1	1.38955e-12
-8	-0.5	9.94906e-14
-8	0	5.54775e-15
-8	0.5	2.40922e-16
-8	1	8.14825e-18
-8	1.5	2.14624e-19
-8	2	4.40269e-21
-8	2.5	7.03371e-23
-8	3	8.75139e-25
-8	3.5	8.48e-27
-8	4	6.39943e-29
-8	4.5	3.76109e-31
-8	5	1.72152e-33
-8	5.5	6.13672e-36
-8	6	1.70368e-38
-8	6.5	3.68353e-41
-8	7	6.20252e-44
-8	7.5	8.13389e-47
-8	8	8.3072e-50
-8	8.5	6.60751e-53
-8	9	4.09305e-56
-8	9.5	1.97461e-59
-8	10	7.41898e-63
-7.5	-10	1.93482e-10
-7.5	-9.5	1.47318e-09
-7.5	-9	8.7357e-09
-7.5	-8.5	4.03428e-08
-7.5	-8	1.45098e-07
-7.5	-7.5	4.06426e-07
-7.5	-7	8.86603e-07
-7.5	-6.5	1.50627e-06
-7.5	-6	1.99298e-06
-7.5	-5.5	2.05367e-06
-7.5	-5	1.6481e-06
-7.5	-4.5	1.03006e-06
-7.5	-4	5.01382e-07
-7.5	-3.5	1.90064e-07
-7.5	-3	5.61124e-08
-7.5	-2.5	1.29016e-08
-7.5	-2	2.31023e-09
-7.5	-1.5	3.22176e-10
-7.5	-1	3.49911e-11
-7.5	-0.5	2.9597e-12
-7.5	0	1.94968e-13
-7.5	0.5	1.00025e-14
-7.5	1	3.99648e-16
-7.5	1.5	1.24358e-17
-7.5	2	3.01367e-19
-7.5	2.5	5.6878e-21
-7.5	3	8.36025e-23
-7.5	3.5	9.57019e-25
-7.5	4	8.53196e-27
-7.5	4.5	5.92383e-29
-7.5	5	3.2032e-31
-7.5	5.5	1.34893e-33
-7.5	6	4.42409e-36
-7.5	6.5	1.13001e-38
-7.5	7	2.24786e-41
-7.5	7.5	3.48243e-44
-7.5	8	4.20166e-47
-7.5	8.5	3.94808e-50
-7.5	9	2.8892e-53
-7.5	9.5	1.64663e-56
-7.5	10	7.30871e-60
-7	-10	1.94236e-10
-7	-9.5	1.74714e-09
-7	-9	1.22392e-08
-7	-8.5	6.67733e-08
-7	-8	2.83714e-07
-7	-7.5	9.38823e-07
-7	-7	2.41943e-06
-7	-6.5	4.8559e-06
-7	-6	7.59019e-06
-7	-5.5	9.23978e-06
-7	-5	8.75986e-06
-7	-4.5	6.46783e-06
-7	-4	3.71918e-06
-7	-3.5	1.66557e-06
-7	-3	5.80902e-07
-7	-2.5	1.57787e-07
-7	-2	3.33783e-08
-7	-1.5	5.499e-09
-7	-1	7.05554e-10
-7	-0.5	7.05023e-11
-7	0	5.48659e-12
-7	0.5	3.32528e-13
-7	1	1.56957e-14
-7	1.5	5.76977e-16
-7	2	1.65182e-17
-7	2.5	3.68294e-19
-7	3	6.39516e-21
-7	3.5	8.6484e-23
-7	4	9.10848e-25
-7	4.5	7.47106e-27
-7	5	4.7725e-29
-7	5.5	2.3743e-31
-7	6	9.19921e-34
-7	6.5	2.77583e-36
-7	7	6.52321e-39
-7	7.5	1.19387e-41
-7	8	1.70168e-44
-7	8.5	1.88897e-47
-7	9	1.63305e-50
-7	9.5	1.09951e-53
-7	10	5.76536e-57
-6.5	-10	1.56138e-10
-6.5	-9.5	1.65917e-09
-6.5	-9	1.37308e-08
-6.5	-8.5	8.84973e-08
-6.5	-8	4.44211e-07
-6.5	-7.5	1.7365e-06
-6.5	-7	5.28674e-06
-6.5	-6.5	1.25351e-05
-6.5	-6	2.31468e-05
-6.5	-5.5	3.32876e-05
-6.5	-5	3.72821e-05
-6.5	-4.5	3.25196e-05
-6.5	-4	2.2091e-05
-6.5	-3.5	1.16873e-05
-6.5	-3	4.81544e-06
-6.5	-2.5	1.5452e-06
-6.5	-2	3.86155e-07
-6.5	-1.5	7.51562e-08
-6.5	-1	1.13918e-08
-6.5	-0.5	1.34477e-09
-6.5	0	1.23632e-10
-6.5	0.5	8.85194e-12
-6.5	1	4.93597e-13
-6.5	1.5	2.14355e-14
-6.5	2	7.24971e-16
-6.5	2.5	1.90956e-17
-6.5	3	3.91719e-19
-6.5	3.5	6.25807e-21
-6.5	4	7.78634e-23
-6.5	4.5	7.54488e-25
-6.5	5	5.69374e-27
-6.5	5.5	3.34634e-29
-6.5	6	1.53168e-31
-6.5	6.5	5.46e-34
-6.5	7	1.5158e-36
-6.5	7.5	3.27733e-39
-6.5	8	5.51854e-42
-6.5	8.5	7.23693e-45
-6.5	9	7.39113e-48
-6.5	9.5	5.87887e-51
-6.5	10	3.64169e-54
-6	-10	1.00503e-10
-6	-9.5	1.26166e-09
-6	-9	1.23348e-08
-6	-8.5	9.39176e-08
-6	-8	5.56915e-07
-6	-7.5	2.57192e-06
-6	-7	9.25022e-06
-6	-6.5	2.59104e-05
-6	-6	5.65224e-05
-6	-5.5	9.60273e-05
-6	-5	0.000127056
-6	-4.5	0.000130925
-6	-4	0.000105069
-6	-3.5	6.5668e-05
-6	-3	3.19639e-05
-6	-2.5	1.21169e-05
-6	-2	3.57726e-06
-6	-1.5	8.22499e-07
-6	-1	1.47281e-07
-6	-0.5	2.05392e-08
-6	0	2.23074e-09
-6	0.5	1.88686e-10
-6	1	1.24296e-11
-6	1.5	6.37674e-13
-6	2	2.54782e-14
-6	2.5	7.92802e-16
-6	3	1.92126e-17
-6	3.5	3.62606e-19
-6	4	5.3298e-21
-6	4.5	6.10116e-23
-6	5	5.43926e-25
-6	5.5	3.77654e-27
-6	6	2.04209e-29
-6	6.5	8.59967e-32
-6	7	2.82043e-34
-6	7.5	7.20402e-37
-6	8	1.43305e-39
-6	8.5	2.22011e-42
-6	9	2.67863e-45
-6	9.5	2.51697e-48
-6	10	1.84191e-51
-5.5	-10	5.18011e-11
-5.5	-9.5	7.68218e-10
-5.5	-9	8.87271e-09
-5.5	-8.5	7.98094e-08
-5.5	-8	5.59086e-07
-5.5	-7.5	3.05021e-06
-5.5	-7	1.296e-05
-5.5	-6.5	4.28855e-05
-5.5	-6	0.00011052
-5.5	-5.5	0.000221818
-5.5	-5	0.00034672
-5.5	-4.5	0.000422074
-5.5	-4	0.000400151
-5.5	-3.5	0.000295451
-5.5	-3	0.000169892
-5.5	-2.5	7.60831e-05
-5.5	-2	2.65356e-05
-5.5	-1.5	7.2077e-06
-5.5	-1	1.52472e-06
-5.5	-0.5	2.51195e-07
-5.5	0	3.22297e-08
-5.5	0.5	3.22055e-09
-5.5	1	2.50628e-10
-5.5	1.5	1.51899e-11
-5.5	2	7.16979e-13
-5.5	2.5	2.63563e-14
-5.5	3	7.54553e-16
-5.5	3.5	1.68237e-17
-5.5	4	2.92131e-19
-5.5	4.5	3.95059e-21
-5.5	5	4.16076e-23
-5.5	5.5	3.41279e-25
-5.5	6	2.18008e-27
-5.5	6.5	1.08458e-29
-5.5	7	4.20221e-32
-5.5	7.5	1.268e-34
-5.5	8	2.97981e-37
-5.5	8.5	5.4536e-40
-5.5	9	7.77328e-43
-5.5	9.5	8.62883e-46
-5.5	10	7.45978e-49
-5	-10	2.13791e-11
-5	-9.5	3.74556e-10
-5	-9	5.11059e-09
-5	-8.5	5.43065e-08
-5	-8	4.49426e-07
-5	-7.5	2.89662e-06
-5	-7	1.45396e-05
-5	-6.5	5.68378e-05
-5	-6	0.000173041
-5	-5.5	0.000410287
-5	-5	0.000757623
-5	-4.5	0.00108954
-5	-4	0.00122029
-5	-3.5	0.0010644
-5	-3	0.000723065
-5	-2.5	0.000382538
-5	-2	0.000157615
-5	-1.5	5.05764e-05
-5	-1	1.26393e-05
-5	-0.5	2.45995e-06
-5	0	3.72868e-07
-5	0.5	4.4016e-08
-5	1	4.04662e-09
-5	1.5	2.89734e-10
-5	2	1.6156e-11
-5	2.5	7.01609e-13
-5	3	2.37292e-14
-5	3.5	6.25023e-16
-5	4	1.28214e-17
-5	4.5	2.04834e-19
-5	5	2.54856e-21
-5	5.5	2.46953e-23
-5	6	1.86363e-25
-5	6.5	1.0953e-27
-5	7	5.01337e-30
-5	7.5	1.78712e-32
-5	8	4.96141e-35
-5	8.5	1.07271e-37
-5	9	1.80628e-40
-5	9.5	2.36873e-43
-5	10	2.4192e-46
-4.5	-10	7.06529e-12
-4.5	-9.5	1.46231e-10
-4.5	-9	2.35709e-09
-4.5	-8.5	2.95896e-08
-4.5	-8	2.89287e-07
-4.5	-7.5	2.20264e-06
-4.5	-7	1.30613e-05
-4.5	-6.5	6.0319e-05
-4.5	-6	0.000216945
-4.5	-5.5	0.000607673
-4.5	-5	0.00132562
-4.5	-4.5	0.00225212
-4.5	-4	0.00297983
-4.5	-3.5	0.00307057
-4.5	-3	0.00246417
-4.5	-2.5	0.00154011
-4.5	-2	0.000749647
-4.5	-1.5	0.000284177
-4.5	-1	8.38972e-05
-4.5	-0.5	1.929e-05
-4.5	0	3.45417e-06
-4.5	0.5	4.81705e-07
-4.5	1	5.23173e-08
-4.5	1.5	4.42523e-09
-4.5	2	2.91509e-10
-4.5	2.5	1.49553e-11
-4.5	3	5.97538e-13
-4.5	3.5	1.85935e-14
-4.5	4	4.50592e-16
-4.5	4.5	8.50418e-18
-4.5	5	1.24999e-19
-4.5	5.5	1.4309e-21
-4.5	6	1.27567e-23
-4.5	6.5	8.85709e-26
-4.5	7	4.7893e-28
-4.5	7.5	2.01687e-30
-4.5	8	6.61473e-33
-4.5	8.5	1.68955e-35
-4.5	9	3.36092e-38
-4.5	9.5	5.2068e-41
-4.5	10	6.28217e-44
-4	-10	1.86965e-12
-4	-9.5	4.57144e-11
-4	-9	8.70505e-10
-4	-8.5	1.29097e-08
-4	-8	1.49104e-07
-4	-7.5	1.34118e-06
-4	-7	9.3953e-06
-4	-6.5	5.1258e-05
-4	-6	0.00021779
-4	-5.5	0.00072068
-4	-5	0.00185726
-4	-4.5	0.00372759
-4	-4	0.00582655
-4	-3.5	0.00709284
-4	-3	0.00672443
-4	-2.5	0.00496498
-4	-2	0.002855
-4	-1.5	0.00127856
-4	-1	0.000445924
-4	-0.5	0.000121124
-4	0	2.56225e-05
-4	0.5	4.22126e-06
-4	1	5.41613e-07
-4	1.5	5.41205e-08
-4	2	4.21173e-09
-4	2.5	2.55262e-10
-4	3	1.20487e-11
-4	3.5	4.42911e-13
-4	4	1.26801e-14
-4	4.5	2.82718e-16
-4	5	4.9092e-18
-4	5.5	6.63887e-20
-4	6	6.99205e-22
-4	6.5	5.7351e-24
-4	7	3.66357e-26
-4	7.5	1.82261e-28
-4	8	7.0617e-31
-4	8.5	2.13084e-33
-4	9	5.00749e-36
-4	9.5	9.16463e-39
-4	10	1.30628e-41
-3.5	-10	3.96169e-13
-3.5	-9.5	1.14434e-11
-3.5	-9	2.57429e-10
-3.5	-8.5	4.51008e-09
-3.5	-8	6.15373e-08
-3.5	-7.5	6.53911e-07
-3.5	-7	5.4116e-06
-3.5	-6.5	3.48786e-05
-3.5	-6	0.000175073
-3.5	-5.5	0.000684391
-3.5	-5	0.00208361
-3.5	-4.5	0.00494032
-3.5	-4	0.00912264
-3.5	-3.5	0.0131193
-3.5	-3	0.0146937
-3.5	-2.5	0.0128166
-3.5	-2	0.00870652
-3.5	-1.5	0.00460619
-3.5	-1	0.00189786
-3.5	-0.5	0.000608997
-3.5	0	0.000152192
-3.5	0.5	2.96206e-05
-3.5	1	4.48975e-06
-3.5	1.5	5.30002e-07
-3.5	2	4.87258e-08
-3.5	2.5	3.48873e-09
-3.5	3	1.94537e-10
-3.5	3.5	8.44817e-12
-3.5	4	2.85726e-13
-3.5	4.5	7.52598e-15
-3.5	5	1.54384e-16
-3.5	5.5	2.46643e-18
-3.5	6	3.06875e-20
-3.5	6.5	2.97359e-22
-3.5	7	2.24402e-24
-3.5	7.5	1.31886e-26
-3.5	8	6.03666e-29
-3.5	8.5	2.1519e-31
-3.5	9	5.9741e-34
-3.5	9.5	1.29166e-36
-3.5	10	2.17497e-39
-3	-10	6.72189e-14
-3	-9.5	2.29376e-12
-3	-9	6.09582e-11
-3	-8.5	1.26166e-09
-3	-8	2.03366e-08
-3	-7.5	2.55295e-07
-3	-7	2.49592e-06
-3	-6.5	1.90041e-05
-3	-6	0.000112691
-3	-5.5	0.000520423
-3	-5	0.00187177
-3	-4.5	0.00524291
-3	-4	0.0114372
-3	-3.5	0.0194309
-3	-3	0.0257095
-3	-2.5	0.0264924
-3	-2	0.0212605
-3	-1.5	0.0132878
-3	-1	0.00646784
-3	-0.5	0.00245184
-3	0	0.000723852
-3	0.5	0.000166431
-3	1	2.9802e-05
-3	1.5	4.15608e-06
-3	2	4.51386e-07
-3	2.5	3.81802e-08
-3	3	2.5151e-09
-3	3.5	1.29032e-10
-3	4	5.15547e-12
-3	4.5	1.60422e-13
-3	5	3.88764e-15
-3	5.5	7.33728e-17
-3	6	1.07847e-18
-3	6.5	1.23456e-20
-3	7	1.10062e-22
-3	7.5	7.64176e-25
-3	8	4.13213e-27
-3	8.5	1.74013e-29
-3	9	5.70709e-32
-3	9.5	1.45772e-34
-3	10	2.89975e-37
-2.5	-10	9.13254e-15
-2.5	-9.5	3.68156e-13
-2.5	-9	1.15584e-11
-2.5	-8.5	2.82612e-10
-2.5	-8	5.38157e-09
-2.5	-7.5	7.98094e-08
-2.5	-7	9.21777e-07
-2.5	-6.5	8.29133e-06
-2.5	-6	5.80829e-05
-2.5	-5.5	0.000316883
-2.5	-5	0.00134641
-2.5	-4.5	0.00445533
-2.5	-4	0.0114818
-2.5	-3.5	0.0230444
-2.5	-3	0.0360204
-2.5	-2.5	0.0438488
-2.5	-2	0.0415713
-2.5	-1.5	0.0306941
-2.5	-1	0.0176499
-2.5	-0.5	0.0079042
-2.5	0	0.00275676
-2.5	0.5	0.000748801
-2.5	1	0.000158402
-2.5	1.5	2.60964e-05
-2.5	2	3.34832e-06
-2.5	2.5	3.34579e-07
-2.5	3	2.60375e-08
-2.5	3.5	1.57806e-09
-2.5	4	7.44863e-11
-2.5	4.5	2.73813e-12
-2.5	5	7.83897e-14
-2.5	5.5	1.74779e-15
-2.5	6	3.03492e-17
-2.5	6.5	4.10423e-19
-2.5	7	4.32257e-21
-2.5	7.5	3.54551e-23
-2.5	8	2.26486e-25
-2.5	8.5	1.12676e-27
-2.5	9	4.36563e-30
-2.5	9.5	1.31731e-32
-2.5	10	3.09569e-35
-2	-10	9.93534e-16
-2	-9.5	4.73156e-14
-2	-9	1.7549e-12
-2	-8.5	5.06907e-11
-2	-8	1.14033e-09
-2	-7.5	1.99782e-08
-2	-7	2.72591e-07
-2	-6.5	2.89662e-06
-2	-6	2.39717e-05
-2	-5.5	0.000154501
-2	-5	0.000775517
-2	-4.5	0.00303164
-2	-4	0.00922974
-2	-3.5	0.0218841
-2	-3	0.0404104
-2	-2.5	0.0581145
-2	-2	0.0650883
-2	-1.5	0.0567737
-2	-1	0.0385671
-2	-0.5	0.020404
-2	0	0.00840694
-2	0.5	0.00269766
-2	1	0.000674161
-2	1.5	0.00013121
-2	2	1.98882e-05
-2	2.5	2.34774e-06
-2	3	2.1584e-07
-2	3.5	1.5454e-08
-2	4	8.61737e-10
-2	4.5	3.74227e-11
-2	5	1.26568e-12
-2	5.5	3.33377e-14
-2	6	6.83874e-16
-2	6.5	1.09255e-17
-2	7	1.35936e-19
-2	7.5	1.31721e-21
-2	8	9.9403e-24
-2	8.5	5.84213e-26
-2	9	2.67405e-28
-2	9.5	9.53222e-31
-2	10	2.64634e-33
-1.5	-10	8.65493e-17
-1.5	-9.5	4.86932e-15
-1.5	-9	2.13353e-13
-1.5	-8.5	7.28042e-12
-1.5	-8	1.93482e-10
-1.5	-7.5	4.00452e-09
-1.5	-7	6.45486e-08
-1.5	-6.5	8.10307e-07
-1.5	-6	7.92207e-06
-1.5	-5.5	6.0319e-05
-1.5	-5	0.000357681
-1.5	-4.5	0.00165183
-1.5	-4	0.005941
-1.5	-3.5	0.016641
-1.5	-3	0.0363018
-1.5	-2.5	0.061674
-1.5	-2	0.0816023
-1.5	-1.5	0.084087
-1.5	-1	0.0674811
-1.5	-0.5	0.0421756
-1.5	0	0.020529
-1.5	0.5	0.00778214
-1.5	1	0.00229751
-1.5	1.5	0.000528254
-1.5	2	9.45919e-05
-1.5	2.5	1.31914e-05
-1.5	3	1.4327e-06
-1.5	3.5	1.21184e-07
-1.5	4	7.98294e-09
-1.5	4.5	4.09549e-10
-1.5	5	1.63635e-11
-1.5	5.5	5.0918e-13
-1.5	6	1.23394e-14
-1.5	6.5	2.32886e-16
-1.5	7	3.42309e-18
-1.5	7.5	3.9185e-20
-1.5	8	3.49339e-22
-1.5	8.5	2.4255e-24
-1.5	9	1.31154e-26
-1.5	9.5	5.52318e-29
-1.5	10	1.81143e-31
-1	-10	6.03719e-18
-1	-9.5	4.01256e-16
-1	-9	2.07699e-14
-1	-8.5	8.37288e-13
-1	-8	2.6287e-11
-1	-7.5	6.42737e-10
-1	-7	1.22392e-08
-1	-6.5	1.81509e-07
-1	-6	2.09638e-06
-1	-5.5	1.88568e-05
-1	-5	0.000132097
-1	-4.5	0.00072068
-1	-4	0.0030621
-1	-3.5	0.0101326
-1	-3	0.0261128
-1	-2.5	0.0524094
-1	-2	0.0819204
-1	-1.5	0.0997243
-1	-1	0.0945445
-1	-0.5	0.0698069
-1	0	0.0401408
-1	0.5	0.0179763
-1	1	0.00626963
-1	1.5	0.00170298
-1	2	0.000360249
-1	2.5	5.93503e-05
-1	3	7.61499e-06
-1	3.5	7.60926e-07
-1	4	5.92163e-08
-1	4.5	3.58895e-09
-1	5	1.69402e-10
-1	5.5	6.22727e-12
-1	6	1.7828e-13
-1	6.5	3.97497e-15
-1	7	6.90225e-17
-1	7.5	9.33415e-19
-1	8	9.83072e-21
-1	8.5	8.06347e-23
-1	9	5.15092e-25
-1	9.5	2.56256e-27
-1	10	9.92865e-30
-0.5	-10	3.37206e-19
-0.5	-9.5	2.64768e-17
-0.5	-9	1.61905e-15
-0.5	-8.5	7.71051e-14
-0.5	-8	2.85977e-12
-0.5	-7.5	8.2605e-11
-0.5	-7	1.85827e-09
-0.5	-6.5	3.25563e-08
-0.5	-6	4.44211e-07
-0.5	-5.5	4.7203e-06
-0.5	-5	3.9064e-05
-0.5	-4.5	0.000251773
-0.5	-4	0.00126377
-0.5	-3.5	0.00494032
-0.5	-3	0.0150407
-0.5	-2.5	0.0356621
-0.5	-2	0.0658524
-0.5	-1.5	0.0947029
-0.5	-1	0.106067
-0.5	-0.5	0.0925178
-0.5	0	0.0628486
-0.5	0.5	0.0332501
-0.5	1	0.0136999
-0.5	1.5	0.00439608
-0.5	2	0.00109861
-0.5	2.5	0.000213818
-0.5	3	3.24096e-05
-0.5	3.5	3.82586e-06
-0.5	4	3.51731e-07
-0.5	4.5	2.51836e-08
-0.5	5	1.40428e-09
-0.5	5.5	6.09837e-11
-0.5	6	2.06253e-12
-0.5	6.5	5.43268e-14
-0.5	7	1.11443e-15
-0.5	7.5	1.78041e-17
-0.5	8	2.2152e-19
-0.5	8.5	2.14651e-21
-0.5	9	1.61986e-23
-0.5	9.5	9.52028e-26
-0.5	10	4.3576e-28
0	-10	1.50816e-20
0	-9.5	1.39894e-18
0	-9	1.01059e-16
0	-8.5	5.68567e-15
0	-8	2.49122e-13
0	-7.5	8.501e-12
0	-7	2.25919e-10
0	-6.5	4.67588e-09
0	-6	7.53703e-08
0	-5.5	9.46156e-07
0	-5	9.25022e-06
0	-4.5	7.04316e-05
0	-4	0.000417647
0	-3.5	0.00192876
0	-3	0.00693702
0	-2.5	0.0194309
0	-2	0.0423879
0	-1.5	0.0720137
0	-1	0.0952831
0	-0.5	0.0981844
0	0	0.0787944
0	0.5	0.0492464
0	1	0.0239707
0	1.5	0.00908684
0	2	0.00268269
0	2.5	0.000616817
0	3	0.00011045
0	3.5	1.5403e-05
0	4	1.6729e-06
0	4.5	1.41501e-07
0	5	9.3213e-09
0	5.5	4.78211e-10
0	6	1.91069e-11
0	6.5	5.94546e-13
0	7	1.44081e-14
0	7.5	2.71929e-16
0	8	3.99697e-18
0	8.5	4.57544e-20
0	9	4.07907e-22
0	9.5	2.83214e-24
0	10	1.53142e-26
0.5	-10	5.40118e-22
0.5	-9.5	5.91865e-20
0.5	-9	5.05107e-18
0.5	-8.5	3.35715e-16
0.5	-8	1.73773e-14
0.5	-7.5	7.00524e-13
0.5	-7	2.19932e-11
0.5	-6.5	5.37752e-10
0.5	-6	1.024e-08
0.5	-5.5	1.51861e-07
0.5	-5	1.75395e-06
0.5	-4.5	1.57767e-05
0.5	-4	0.00011052
0.5	-3.5	0.000602963
0.5	-3	0.00256193
0.5	-2.5	0.00847757
0.5	-2	0.0218475
0.5	-1.5	0.0438488
0.5	-1	0.0685394
0.5	-0.5	0.0834352
0.5	0	0.0791016
0.5	0.5	0.0584046
0.5	1	0.0335842
0.5	1.5	0.0150401
0.5	2	0.00524554
0.5	2.5	0.00142481
0.5	3	0.000301406
0.5	3.5	4.9656e-05
0.5	4	6.37115e-06
0.5	4.5	6.36636e-07
0.5	5	4.95439e-08
0.5	5.5	3.00273e-09
0.5	6	1.41732e-10
0.5	6.5	5.2101e-12
0.5	7	1.4916e-13
0.5	7.5	3.32569e-15
0.5	8	5.77484e-17
0.5	8.5	7.80951e-19
0.5	9	8.22496e-21
0.5	9.5	6.74637e-23
0.5	10	4.30957e-25
1	-10	1.54889e-23
1	-9.5	2.0051e-21
1	-9	2.02153e-19
1	-8.5	1.58726e-17
1	-8	9.7061e-16
1	-7.5	4.62239e-14
1	-7	1.71441e-12
1	-6.5	4.95211e-11
1	-6	1.11402e-09
1	-5.5	1.95173e-08
1	-5	2.66301e-07
1	-4.5	2.82979e-06
1	-4	2.34186e-05
1	-3.5	0.000150936
1	-3	0.000757623
1	-2.5	0.00296169
1	-2	0.00901678
1	-1.5	0.0213791
1	-1	0.039478
1	-0.5	0.0567737
1	0	0.0635865
1	0.5	0.0554637
1	1	0.0376773
1	1.5	0.0199332
1	2	0.00821296
1	2.5	0.00263542
1	3	0.000658606
1	3.5	0.000128182
1	4	1.94293e-05
1	4.5	2.29357e-06
1	5	2.1086e-07
1	5.5	1.50974e-08
1	6	8.41854e-10
1	6.5	3.65593e-11
1	7	1.23647e-12
1	7.5	3.25685e-14
1	8	6.68095e-16
1	8.5	1.06734e-17
1	9	1.328e-19
1	9.5	1.28681e-21
1	10	9.71095e-24
1.5	-10	3.55665e-25
1.5	-9.5	5.43927e-23
1.5	-9	6.47837e-21
1.5	-8.5	6.00922e-19
1.5	-8	4.34106e-17
1.5	-7.5	2.44231e-15
1.5	-7	1.07012e-13
1.5	-6.5	3.65165e-12
1.5	-6	9.70449e-11
1.5	-5.5	2.00855e-09
1.5	-5	3.23757e-08
1.5	-4.5	4.06426e-07
1.5	-4	3.97348e-06
1.5	-3.5	3.02543e-05
1.5	-3	0.000179403
1.5	-2.5	0.000828509
1.5	-2	0.00297983
1.5	-1.5	0.00834667
1.5	-1	0.0182079
1.5	-0.5	0.0309339
1.5	0	0.0409293
1.5	0.5	0.0421756
1.5	1	0.0338465
1.5	1.5	0.0211541
1.5	2	0.0102967
1.5	2.5	0.0039033
1.5	3	0.00115237
1.5	3.5	0.000264957
1.5	4	4.74446e-05
1.5	4.5	6.61644e-06
1.5	5	7.18602e-07
1.5	5.5	6.07825e-08
1.5	6	4.00401e-09
1.5	6.5	2.05418e-10
1.5	7	8.20745e-12
1.5	7.5	2.5539e-13
1.5	8	6.18909e-15
1.5	8.5	1.16809e-16
1.5	9	1.71692e-18
1.5	9.5	1.9654e-20
1.5	10	1.75218e-22
2	-10	6.53963e-27
2	-9.5	1.1815e-24
2	-9	1.66243e-22
2	-8.5	1.8217e-20
2	-8	1.55467e-18
2	-7.5	1.03329e-16
2	-7	5.34857e-15
2	-6.5	2.15614e-13
2	-6	6.7693e-12
2	-5.5	1.65515e-10
2	-5	3.15177e-09
2	-4.5	4.67412e-08
2	-4	5.39848e-07
2	-3.5	4.8559e-06
2	-3	3.40169e-05
2	-2.5	0.000185586
2	-2	0.000788537
2	-1.5	0.00260931
2	-1	0.00672443
2	-0.5	0.0134962
2	0	0.0210957
2	0.5	0.0256805
2	1	0.0243466
2	1.5	0.0179763
2	2	0.0103369
2	2.5	0.00462918
2	3	0.00161452
2	3.5	0.000438543
2	4	9.27696e-05
2	4.5	1.52836e-05
2	5	1.96098e-06
2	5.5	1.9595e-07
2	6	1.52491e-08
2	6.5	9.24209e-10
2	7	4.36237e-11
2	7.5	1.60362e-12
2	8	4.59098e-14
2	8.5	1.02361e-15
2	9	1.77744e-17
2	9.5	2.40369e-19
2	10	2.53156e-21
2.5	-10	9.62842e-29
2.5	-9.5	2.05503e-26
2.5	-9	3.41593e-24
2.5	-8.5	4.42207e-22
2.5	-8	4.4583e-20
2.5	-7.5	3.50057e-18
2.5	-7	2.14059e-16
2.5	-6.5	1.01943e-14
2.5	-6	3.78098e-13
2.5	-5.5	1.09214e-11
2.5	-5	2.45686e-10
2.5	-4.5	4.30436e-09
2.5	-4	5.87304e-08
2.5	-3.5	6.24084e-07
2.5	-3	5.16476e-06
2.5	-2.5	3.32876e-05
2.5	-2	0.000167087
2.5	-1.5	0.000653174
2.5	-1	0.00198857
2.5	-0.5	0.00471498
2.5	0	0.00870652
2.5	0.5	0.0125209
2.5	1	0.0140234
2.5	1.5	0.012232
2.5	2	0.00830939
2.5	2.5	0.00439608
2.5	3	0.0018113
2.5	3.5	0.000581218
2.5	4	0.00014525
2.5	4.5	2.82695e-05
2.5	5	4.28496e-06
2.5	5.5	5.05827e-07
2.5	6	4.65033e-08
2.5	6.5	3.3296e-09
2.5	7	1.85663e-10
2.5	7.5	8.06281e-12
2.5	8	2.72693e-13
2.5	8.5	7.18269e-15
2.5	9	1.47342e-16
2.5	9.5	2.35393e-18
2.5	10	2.92878e-20
3	-10	1.13513e-30
3	-9.5	2.86216e-28
3	-9	5.62038e-26
3	-8.5	8.59538e-24
3	-8	1.02374e-21
3	-7.5	9.49603e-20
3	-7	6.85994e-18
3	-6.5	3.85945e-16
3	-6	1.69105e-14
3	-5.5	5.7705e-13
3	-5	1.53355e-11
3	-4.5	3.174e-10
3	-4	5.11615e-09
3	-3.5	6.42253e-08
3	-3	6.27907e-07
3	-2.5	4.78092e-06
3	-2	2.835e-05
3	-1.5	0.000130925
3	-1	0.000470887
3	-0.5	0.00131898
3	0	0.0028773
3	0.5	0.00488831
3	1	0.00646784
3	1.5	0.00666478
3	2	0.00534858
3	2.5	0.00334286
3	3	0.00162714
3	3.5	0.000616817
3	4	0.000182102
3	4.5	4.18697e-05
3	5	7.4974e-06
3	5.5	1.04556e-06
3	6	1.13557e-07
3	6.5	9.60513e-09
3	7	6.32732e-10
3	7.5	3.24611e-11
3	8	1.29698e-12
3	8.5	4.03579e-14
3	9	9.78027e-16
3	9.5	1.84586e-17
3	10	2.71316e-19
3.5	-10	1.07159e-32
3.5	-9.5	3.19196e-30
3.5	-9	7.40479e-28
3.5	-8.5	1.33781e-25
3.5	-8	1.88236e-23
3.5	-7.5	2.0627e-21
3.5	-7	1.76034e-19
3.5	-6.5	1.16999e-17
3.5	-6	6.05616e-16
3.5	-5.5	2.44139e-14
3.5	-5	7.66484e-13
3.5	-4.5	1.87411e-11
3.5	-4	3.56874e-10
3.5	-3.5	5.29249e-09
3.5	-3	6.11268e-08
3.5	-2.5	5.49831e-07
3.5	-2	3.85171e-06
3.5	-1.5	2.10138e-05
3.5	-1	8.92857e-05
3.5	-0.5	0.000295451
3.5	0	0.000761404
3.5	0.5	0.00152817
3.5	1	0.00238866
3.5	1.5	0.00290779
3.5	2	0.00275676
3.5	2.5	0.00203545
3.5	3	0.00117044
3.5	3.5	0.000524159
3.5	4	0.000182812
3.5	4.5	4.9656e-05
3.5	5	1.05043e-05
3.5	5.5	1.73056e-06
3.5	6	2.2204e-07
3.5	6.5	2.21873e-08
3.5	7	1.72665e-09
3.5	7.5	1.04648e-10
3.5	8	4.93948e-12
3.5	8.5	1.81577e-13
3.5	9	5.19834e-15
3.5	9.5	1.15903e-16
3.5	10	2.01258e-18
4	-10	8.1003e-35
4	-9.5	2.85044e-32
4	-9	7.81178e-30
4	-8.5	1.6673e-27
4	-8	2.77143e-25
4	-7.5	3.58774e-23
4	-7	3.61713e-21
4	-6.5	2.8401e-19
4	-6	1.73672e-17
4	-5.5	8.27087e-16
4	-5	3.06761e-14
4	-4.5	8.86083e-13
4	-4	1.99331e-11
4	-3.5	3.49223e-10
4	-3	4.76494e-09
4	-2.5	5.06335e-08
4	-2	4.1903e-07
4	-1.5	2.70071e-06
4	-1	1.35562e-05
4	-0.5	5.29936e-05
4	0	0.000161338
4	0.5	0.000382538
4	1	0.000706382
4	1.5	0.00101585
4	2	0.00113776
4	2.5	0.000992415
4	3	0.000674161
4	3.5	0.000356665
4	4	0.000146955
4	4.5	4.71557e-05
4	5	1.17845e-05
4	5.5	2.29357e-06
4	6	3.47649e-07
4	6.5	4.1039e-08
4	7	3.77293e-09
4	7.5	2.70138e-10
4	8	1.50633e-11
4	8.5	6.54156e-13
4	9	2.21243e-14
4	9.5	5.8275e-16
4	10	1.19542e-17
4.5	-10	4.90302e-37
4.5	-9.5	2.03825e-34
4.5	-9	6.59898e-32
4.5	-8.5	1.66388e-29
4.5	-8	3.26735e-27
4.5	-7.5	4.99683e-25
4.5	-7	5.95142e-23
4.5	-6.5	5.52042e-21
4.5	-6	3.98796e-19
4.5	-5.5	2.24365e-17
4.5	-5	9.83073e-16
4.5	-4.5	3.35462e-14
4.5	-4	8.91512e-13
4.5	-3.5	1.84517e-11
4.5	-3	2.97422e-10
4.5	-2.5	3.73367e-09
4.5	-2	3.65028e-08
4.5	-1.5	2.77934e-07
4.5	-1	1.6481e-06
4.5	-0.5	7.61117e-06
4.5	0	2.73745e-05
4.5	0.5	7.66774e-05
4.5	1	0.000167269
4.5	1.5	0.000284177
4.5	2	0.000376001
4.5	2.5	0.00038745
4.5	3	0.000310934
4.5	3.5	0.000194334
4.5	4	9.45919e-05
4.5	4.5	3.5858e-05
4.5	5	1.05863e-05
4.5	5.5	2.43405e-06
4.5	6	4.35854e-07
4.5	6.5	6.07825e-08
4.5	7	6.6015e-09
4.5	7.5	5.58384e-10
4.5	8	3.67832e-11
4.5	8.5	1.88709e-12
4.5	9	7.53985e-14
4.5	9.5	2.34617e-15
4.5	10	5.68566e-17
5	-10	2.37638e-39
5	-9.5	1.16706e-36
5	-9	4.46369e-34
5	-8.5	1.32961e-31
5	-8	3.08445e-29
5	-7.5	5.57262e-27
5	-7	7.84093e-25
5	-6.5	8.59214e-23
5	-6	7.33267e-21
5	-5.5	4.87359e-19
5	-5	2.52268e-17
5	-4.5	1.01696e-15
5	-4	3.19278e-14
5	-3.5	7.80658e-13
5	-3	1.48655e-11
5	-2.5	2.20458e-10
5	-2	2.54622e-09
5	-1.5	2.29031e-08
5	-1	1.60442e-07
5	-0.5	8.75326e-07
5	0	3.71918e-06
5	0.5	1.2307e-05
5	1	3.17162e-05
5	1.5	6.36556e-05
5	2	9.94992e-05
5	2.5	0.000121124
5	3	0.000114832
5	3.5	8.47863e-05
5	4	4.87544e-05
5	4.5	2.18338e-05
5	5	7.61499e-06
5	5.5	2.06841e-06
5	6	4.37553e-07
5	6.5	7.2086e-08
5	7	9.24905e-09
5	7.5	9.24209e-10
5	8	7.19232e-11
5	8.5	4.35908e-12
5	9	2.05753e-13
5	9.5	7.56354e-15
5	10	2.16536e-16
5.5	-10	9.22271e-42
5.5	-9.5	5.35078e-39
5.5	-9	2.4177e-36
5.5	-8.5	8.50771e-34
5.5	-8	2.33158e-31
5.5	-7.5	4.97639e-29
5.5	-7	8.27188e-27
5.5	-6.5	1.07083e-24
5.5	-6	1.0796e-22
5.5	-5.5	8.47683e-21
5.5	-5	5.18357e-19
5.5	-4.5	2.4686e-17
5.5	-4	9.15588e-16
5.5	-3.5	2.64469e-14
5.5	-3	5.94944e-13
5.5	-2.5	1.04233e-11
5.5	-2	1.42219e-10
5.5	-1.5	1.51126e-09
5.5	-1	1.25068e-08
5.5	-0.5	8.0608e-08
5.5	0	4.04611e-07
5.5	0.5	1.5817e-06
5.5	1	4.81544e-06
5.5	1.5	1.14176e-05
5.5	2	2.10834e-05
5.5	2.5	3.03202e-05
5.5	3	3.39586e-05
5.5	3.5	2.96206e-05
5.5	4	2.01217e-05
5.5	4.5	1.06454e-05
5.5	5	4.38616e-06
5.5	5.5	1.40745e-06
5.5	6	3.51731e-07
5.5	6.5	6.84562e-08
5.5	7	1.03763e-08
5.5	7.5	1.22489e-09
5.5	8	1.1261e-10
5.5	8.5	8.06281e-12
5.5	9	4.49595e-13
5.5	9.5	1.95246e-14
5.5	10	6.60342e-16
6	-10	2.8661e-44
6	-9.5	1.96441e-41
6	-9	1.04857e-38
6	-8.5	4.35906e-36
6	-8	1.41128e-33
6	-7.5	3.55843e-31
6	-7	6.98766e-29
6	-6.5	1.06864e-26
6	-6	1.27279e-24
6	-5.5	1.18061e-22
6	-5	8.52876e-21
6	-4.5	4.79833e-19
6	-4	2.10243e-17
6	-3.5	7.17429e-16
6	-3	1.90661e-14
6	-2.5	3.94614e-13
6	-2	6.36076e-12
6	-1.5	7.98495e-11
6	-1	7.80659e-10
6	-0.5	5.94397e-09
6	0	3.52467e-08
6	0.5	1.62775e-07
6	1	5.85439e-07
6	1.5	1.63985e-06
6	2	3.57726e-06
6	2.5	6.07749e-06
6	3	8.04127e-06
6	3.5	8.28612e-06
6	4	6.64974e-06
6	4.5	4.15608e-06
6	5	2.02297e-06
6	5.5	7.6687e-07
6	6	2.26402e-07
6	6.5	5.20553e-08
6	7	9.3213e-09
6	7.5	1.29991e-09
6	8	1.41182e-10
6	8.5	1.19418e-11
6	9	7.86657e-13
6	9.5	4.03579e-14
6	10	1.61249e-15
6.5	-10	7.13204e-47
6.5	-9.5	5.7748e-44
6.5	-9	3.64155e-41
6.5	-8.5	1.78839e-38
6.5	-8	6.84014e-36
6.5	-7.5	2.03748e-33
6.5	-7	4.7266e-31
6.5	-6.5	8.53946e-29
6.5	-6	1.20154e-26
6.5	-5.5	1.31666e-24
6.5	-5	1.12365e-22
6.5	-4.5	7.46827e-21
6.5	-4	3.86575e-19
6.5	-3.5	1.55838e-17
6.5	-3	4.89259e-16
6.5	-2.5	1.19628e-14
6.5	-2	2.27798e-13
6.5	-1.5	3.37828e-12
6.5	-1	3.90182e-11
6.5	-0.5	3.50966e-10
6.5	0	2.45861e-09
6.5	0.5	1.34135e-08
6.5	1	5.69925e-08
6.5	1.5	1.88591e-07
6.5	2	4.86017e-07
6.5	2.5	9.75456e-07
6.5	3	1.52472e-06
6.5	3.5	1.85609e-06
6.5	4	1.75968e-06
6.5	4.5	1.29926e-06
6.5	5	7.4711e-07
6.5	5.5	3.34579e-07
6.5	6	1.16692e-07
6.5	6.5	3.16962e-08
6.5	7	6.70504e-09
6.5	7.5	1.10464e-09
6.5	8	1.41732e-10
6.5	8.5	1.41625e-11
6.5	9	1.10215e-12
6.5	9.5	6.67983e-14
6.5	10	3.15295e-15
7	-10	1.42111e-49
7	-9.5	1.35935e-46
7	-9	1.01266e-43
7	-8.5	5.8752e-41
7	-8	2.65465e-38
7	-7.5	9.34154e-36
7	-7	2.5601e-33
7	-6.5	5.46412e-31
7	-6	9.0826e-29
7	-5.5	1.17578e-26
7	-5	1.18541e-24
7	-4.5	9.30763e-23
7	-4	5.69161e-21
7	-3.5	2.71055e-19
7	-3	1.00532e-17
7	-2.5	2.90389e-16
7	-2	6.53254e-15
7	-1.5	1.14448e-13
7	-1	1.56158e-12
7	-0.5	1.65937e-11
7	0	1.37325e-10
7	0.5	8.85083e-10
7	1	4.44267e-09
7	1.5	1.73672e-08
7	2	5.2874e-08
7	2.5	1.25366e-07
7	3	2.31497e-07
7	3.5	3.32918e-07
7	4	3.72868e-07
7	4.5	3.25237e-07
7	5	2.20938e-07
7	5.5	1.16887e-07
7	6	4.81604e-08
7	6.5	1.5454e-08
7	7	3.86204e-09
7	7.5	7.51655e-10
7	8	1.13932e-10
7	8.5	1.34494e-11
7	9	1.23647e-12
7	9.5	8.85304e-14
7	10	4.93659e-15
7.5	-10	2.26741e-52
7.5	-9.5	2.56223e-49
7.5	-9	2.25493e-46
7.5	-8.5	1.54551e-43
7.5	-8	8.24974e-41
7.5	-7.5	3.42952e-38
7.5	-7	1.11033e-35
7.5	-6.5	2.79962e-33
7.5	-6	5.49759e-31
7.5	-5.5	8.40759e-29
7.5	-5	1.00138e-26
7.5	-4.5	9.28857e-25
7.5	-4	6.71007e-23
7.5	-3.5	3.77513e-21
7.5	-3	1.6541e-19
7.5	-2.5	5.64443e-18
7.5	-2	1.50004e-16
7.5	-1.5	3.10466e-15
7.5	-1	5.00438e-14
7.5	-0.5	6.28222e-13
7.5	0	6.14189e-12
7.5	0.5	4.67647e-11
7.5	1	2.77306e-10
7.5	1.5	1.28064e-09
7.5	2	4.60599e-09
7.5	2.5	1.29016e-08
7.5	3	2.81444e-08
7.5	3.5	4.78151e-08
7.5	4	6.32653e-08
7.5	4.5	6.51917e-08
7.5	5	5.23173e-08
7.5	5.5	3.26983e-08
7.5	6	1.59159e-08
7.5	6.5	6.03341e-09
7.5	7	1.78124e-09
7.5	7.5	4.09549e-10
7.5	8	7.3336e-11
7.5	8.5	1.02272e-11
7.5	9	1.11076e-12
7.5	9.5	9.39528e-14
7.5	10	6.18909e-15
8	-10	2.89683e-55
8	-9.5	3.86717e-52
8	-9	4.02059e-49
8	-8.5	3.25547e-46
8	-8	2.05288e-43
8	-7.5	1.00818e-40
8	-7	3.85604e-38
8	-6.5	1.1486e-35
8	-6	2.66456e-33
8	-5.5	4.814e-31
8	-5	6.77352e-29
8	-4.5	7.42247e-27
8	-4	6.33445e-25
8	-3.5	4.21014e-23
8	-3	2.17926e-21
8	-2.5	8.78515e-20
8	-2	2.75813e-18
8	-1.5	6.74385e-17
8	-1	1.28418e-15
8	-0.5	1.90446e-14
8	0	2.1996e-13
8	0.5	1.97853e-12
8	1	1.38601e-11
8	1.5	7.56165e-11
8	2	3.21288e-10
8	2.5	1.06316e-09
8	3	2.73985e-09
8	3.5	5.499e-09
8	4	8.59541e-09
8	4.5	1.04635e-08
8	5	9.91998e-09
8	5.5	7.32441e-09
8	6	4.21173e-09
8	6.5	1.88615e-09
8	7	6.57834e-10
8	7.5	1.78683e-10
8	8	3.77988e-11
8	8.5	6.22727e-12
8	9	7.98995e-13
8	9.5	7.98393e-14
8	10	6.21321e-15
8.5	-10	2.96351e-58
8.5	-9.5	4.67368e-55
8.5	-9	5.74035e-52
8.5	-8.5	5.4909e-49
8.5	-8	4.09049e-46
8.5	-7.5	2.3732e-43
8.5	-7	1.07231e-40
8.5	-6.5	3.77338e-38
8.5	-6	1.03411e-35
8.5	-5.5	2.20715e-33
8.5	-5	3.66878e-31
8.5	-4.5	4.74939e-29
8.5	-4	4.7883e-27
8.5	-3.5	3.75968e-25
8.5	-3	2.29904e-23
8.5	-2.5	1.09489e-21
8.5	-2	4.06085e-20
8.5	-1.5	1.17298e-18
8.5	-1	2.63872e-17
8.5	-0.5	4.62297e-16
8.5	0	6.30776e-15
8.5	0.5	6.70279e-14
8.5	1	5.54705e-13
8.5	1.5	3.57516e-12
8.5	2	1.79455e-11
8.5	2.5	7.01522e-11
8.5	3	2.13576e-10
8.5	3.5	5.06398e-10
8.5	4	9.35098e-10
8.5	4.5	1.34477e-09
8.5	5	1.50614e-09
8.5	5.5	1.31374e-09
8.5	6	8.92445e-10
8.5	6.5	4.72148e-10
8.5	7	1.94537e-10
8.5	7.5	6.2424e-11
8.5	8	1.56001e-11
8.5	8.5	3.0362e-12
8.5	9	4.60213e-13
8.5	9.5	5.43268e-14
8.5	10	4.99454e-15
9	-10	2.42761e-61
9	-9.5	4.52288e-58
9	-9	6.56261e-55
9	-8.5	7.41591e-52
9	-8	6.52648e-49
9	-7.5	4.47321e-46
9	-7	2.38774e-43
9	-6.5	9.92614e-41
9	-6	3.21366e-38
9	-5.5	8.10301e-36
9	-5	1.59118e-33
9	-4.5	2.43343e-31
9	-4	2.8983e-29
9	-3.5	2.68841e-27
9	-3	1.94211e-25
9	-2.5	1.09264e-23
9	-2	4.7875e-22
9	-1.5	1.63368e-20
9	-1	4.3416e-19
9	-0.5	8.98587e-18
9	0	1.44843e-16
9	0.5	1.81827e-15
9	1	1.77766e-14
9	1.5	1.35352e-13
9	2	8.02613e-13
9	2.5	3.70659e-12
9	3	1.33312e-11
9	3.5	3.73414e-11
9	4	8.14588e-11
9	4.5	1.38392e-10
9	5	1.8311e-10
9	5.5	1.88686e-10
9	6	1.51423e-10
9	6.5	9.46393e-11
9	7	4.60656e-11
9	7.5	1.74626e-11
9	8	5.15547e-12
9	8.5	1.18537e-12
9	9	2.12258e-13
9	9.5	2.96007e-14
9	10	3.21489e-15
9.5	-10	1.59237e-64
9.5	-9.5	3.50478e-61
9.5	-9	6.00765e-58
9.5	-8.5	8.02001e-55
9.5	-8	8.33819e-52
9.5	-7.5	6.75142e-49
9.5	-7	4.2574e-46
9.5	-6.5	2.09084e-43
9.5	-6	7.99692e-41
9.5	-5.5	2.38205e-38
9.5	-5	5.52595e-36
9.5	-4.5	9.98362e-34
9.5	-4	1.40474e-31
9.5	-3.5	1.53932e-29
9.5	-3	1.31368e-27
9.5	-2.5	8.73128e-26
9.5	-2	4.51951e-24
9.5	-1.5	1.82193e-22
9.5	-1	5.72001e-21
9.5	-0.5	1.39859e-19
9.5	0	2.66323e-18
9.5	0.5	3.94961e-17
9.5	1	4.56169e-16
9.5	1.5	4.10321e-15
9.5	2	2.8744e-14
9.5	2.5	1.56819e-13
9.5	3	6.66309e-13
9.5	3.5	2.20485e-12
9.5	4	5.6821e-12
9.5	4.5	1.14042e-11
9.5	5	1.78258e-11
9.5	5.5	2.16999e-11
9.5	6	2.05728e-11
9.5	6.5	1.51899e-11
9.5	7	8.73459e-12
9.5	7.5	3.91163e-12
9.5	8	1.36426e-12
9.5	8.5	3.70566e-13
9.5	9	7.83897e-14
9.5	9.5	1.29146e-14
9.5	10	1.65701e-15
10	-10	8.36366e-68
10	-9.5	2.17469e-64
10	-9	4.40375e-61
10	-8.5	6.94506e-58
10	-8	8.53012e-55
10	-7.5	8.15945e-52
10	-7	6.07845e-49
10	-6.5	3.52656e-46
10	-6	1.59344e-43
10	-5.5	5.60721e-41
10	-5	1.53668e-38
10	-4.5	3.27981e-36
10	-4	5.45178e-34
10	-3.5	7.05757e-32
10	-3	7.11538e-30
10	-2.5	5.58686e-28
10	-2	3.41636e-26
10	-1.5	1.62699e-24
10	-1	6.0344e-23
10	-0.5	1.74305e-21
10	0	3.92112e-20
10	0.5	6.8697e-19
10	1	9.37329e-18
10	1.5	9.9603e-17
10	2	8.24289e-16
10	2.5	5.31267e-15
10	3	2.66669e-14
10	3.5	1.04246e-13
10	4	3.17373e-13
10	4.5	7.52504e-13
10	5	1.38955e-12
10	5.5	1.99832e-12
10	6	2.23812e-12
10	6.5	1.95222e-12
10	7	1.32617e-12
10	7.5	7.01609e-13
10	8	2.8908e-13
10	8.5	9.27616e-14
10	9	2.31817e-14
10	9.5	4.51177e-15
10	10	6.83874e-16
10.5	-10	3.51755e-71
10.5	-9.5	1.08049e-67
10.5	-9	2.58483e-64
10.5	-8.5	4.81578e-61
10.5	-8	6.98761e-58
10.5	-7.5	7.89617e-55
10.5	-7	6.94914e-52
10.5	-6.5	4.7629e-49
10.5	-6	2.54237e-46
10.5	-5.5	1.0569e-43
10.5	-5	3.42178e-41
10.5	-4.5	8.62777e-39
10.5	-4	1.69423e-36
10.5	-3.5	2.59102e-34
10.5	-3	3.086e-32
10.5	-2.5	2.86251e-30
10.5	-2	2.06788e-28
10.5	-1.5	1.1634e-26
10.5	-1	5.09755e-25
10.5	-0.5	1.73948e-23
10.5	0	4.62277e-22
10.5	0.5	9.56781e-21
10.5	1	1.54223e-19
10.5	1.5	1.93603e-18
10.5	2	1.89278e-17
10.5	2.5	1.44117e-16
10.5	3	8.54591e-16
10.5	3.5	3.94663e-15
10.5	4	1.41945e-14
10.5	4.5	3.97597e-14
10.5	5	8.67342e-14
10.5	5.5	1.47355e-13
10.5	6	1.94968e-13
10.5	6.5	2.00905e-13
10.5	7	1.61229e-13
10.5	7.5	1.00768e-13
10.5	8	4.90489e-14
10.5	8.5	1.85935e-14
10.5	9	5.48934e-15
10.5	9.5	1.26213e-15
10.5	10	2.26004e-16
11	-10	1.18461e-74
11	-9.5	4.29872e-71
11	-9	1.21487e-67
11	-8.5	2.67392e-64
11	-8	4.58344e-61
11	-7.5	6.11874e-58
11	-7	6.36149e-55
11	-6.5	5.15089e-52
11	-6	3.24812e-49
11	-5.5	1.59517e-46
11	-5	6.10113e-44
11	-4.5	1.81735e-41
11	-4	4.21594e-39
11	-3.5	7.61685e-37
11	-3	1.07172e-34
11	-2.5	1.1744e-32
11	-2	1.00225e-30
11	-1.5	6.66139e-29
11	-1	3.44809e-27
11	-0.5	1.39001e-25
11	0	4.364e-24
11	0.5	1.06703e-22
11	1	2.03187e-21
11	1.5	3.01329e-20
11	2	3.48027e-19
11	2.5	3.13048e-18
11	3	2.19298e-17
11	3.5	1.19643e-16
11	4	5.0835e-16
11	4.5	1.68216e-15
11	5	4.33507e-15
11	5.5	8.70067e-15
11	6	1.35999e-14
11	6.5	1.65556e-14
11	7	1.56957e-14
11	7.5	1.15889e-14
11	8	6.66392e-15
11	8.5	2.98431e-15
11	9	1.04084e-15
11	9.5	2.82718e-16
11	10	5.98062e-17
11.5	-10	3.19446e-78
11.5	-9.5	1.36945e-74
11.5	-9	4.57213e-71
11.5	-8.5	1.18883e-67
11.5	-8	2.40738e-64
11.5	-7.5	3.79663e-61
11.5	-7	4.66313e-58
11.5	-6.5	4.4605e-55
11.5	-6	3.32288e-52
11.5	-5.5	1.92785e-49
11.5	-5	8.7108e-47
11.5	-4.5	3.06527e-44
11.5	-4	8.40053e-42
11.5	-3.5	1.79296e-39
11.5	-3	2.98031e-37
11.5	-2.5	3.85814e-35
11.5	-2	3.88974e-33
11.5	-1.5	3.05415e-31
11.5	-1	1.86761e-29
11.5	-0.5	8.89422e-28
11.5	0	3.2988e-26
11.5	0.5	9.52865e-25
11.5	1	2.14355e-23
11.5	1.5	3.75544e-22
11.5	2	5.12406e-21
11.5	2.5	5.44496e-20
11.5	3	4.50611e-19
11.5	3.5	2.90426e-18
11.5	4	1.45779e-17
11.5	4.5	5.69876e-17
11.5	5	1.73497e-16
11.5	5.5	4.11369e-16
11.5	6	7.5962e-16
11.5	6.5	1.09242e-15
11.5	7	1.22351e-15
11.5	7.5	1.06721e-15
11.5	8	7.24971e-16
11.5	8.5	3.83546e-16
11.5	9	1.58031e-16
11.5	9.5	5.07097e-17
11.5	10	1.26726e-17
12	-10	6.89782e-82
12	-9.5	3.49335e-78
12	-9	1.37784e-74
12	-8.5	4.23234e-71
12	-8	1.01249e-67
12	-7.5	1.88636e-64
12	-7	2.73707e-61
12	-6.5	3.09296e-58
12	-6	2.722e-55
12	-5.5	1.86565e-52
12	-5	9.95856e-50
12	-4.5	4.1399e-47
12	-4	1.34032e-44
12	-3.5	3.37953e-42
12	-3	6.63634e-40
12	-2.5	1.01491e-37
12	-2	1.2088e-35
12	-1.5	1.12126e-33
12	-1	8.09997e-32
12	-0.5	4.55709e-30
12	0	1.99673e-28
12	0.5	6.81359e-27
12	1	1.81076e-25
12	1.5	3.74774e-24
12	2	6.04097e-23
12	2.5	7.58349e-22
12	3	7.4141e-21
12	3.5	5.64513e-20
12	4	3.34747e-19
12	4.5	1.54591e-18
12	5	5.56006e-18
12	5.5	1.5574e-17
12	6	3.39741e-17
12	6.5	5.77194e-17
12	7	7.63699e-17
12	7.5	7.86953e-17
12	8	6.31541e-17
12	8.5	3.94713e-17
12	9	1.92126e-17
12	9.5	7.28315e-18
12	10	2.15019e-18
12.5	-10	1.19266e-85
12.5	-9.5	7.13556e-82
12.5	-9	3.32481e-78
12.5	-8.5	1.20651e-74
12.5	-8	3.40975e-71
12.5	-7.5	7.50483e-68
12.5	-7	1.28643e-64
12.5	-6.5	1.71734e-61
12.5	-6	1.78547e-58
12.5	-5.5	1.44569e-55
12.5	-5	9.11643e-53
12.5	-4.5	4.47714e-50
12.5	-4	1.71239e-47
12.5	-3.5	5.10072e-45
12.5	-3	1.18328e-42
12.5	-2.5	2.13781e-40
12.5	-2	3.00799e-38
12.5	-1.5	3.29617e-36
12.5	-1	2.81301e-34
12.5	-0.5	1.86964e-32
12.5	0	9.67768e-31
12.5	0.5	3.90131e-29
12.5	1	1.22483e-27
12.5	1.5	2.99481e-26
12.5	2	5.7028e-25
12.5	2.5	8.45734e-24
12.5	3	9.76799e-23
12.5	3.5	8.78625e-22
12.5	4	6.155e-21
12.5	4.5	3.35798e-20
12.5	5	1.42678e-19
12.5	5.5	4.72127e-19
12.5	6	1.21672e-18
12.5	6.5	2.442e-18
12.5	7	3.81705e-18
12.5	7.5	4.64662e-18
12.5	8	4.40527e-18
12.5	8.5	3.25263e-18
12.5	9	1.87035e-18
12.5	9.5	8.37601e-19
12.5	10	2.92131e-19
13	-10	1.65124e-89
13	-9.5	1.16709e-85
13	-9	6.4243e-82
13	-8.5	2.75406e-78
13	-8	9.1949e-75
13	-7.5	2.39082e-71
13	-7	4.84143e-68
13	-6.5	7.6353e-65
13	-6	9.3779e-62
13	-5.5	8.97038e-59
13	-5	6.68256e-56
13	-4.5	3.87705e-53
13	-4	1.75181e-50
13	-3.5	6.16449e-48
13	-3	1.68941e-45
13	-2.5	3.60578e-43
13	-2	5.99362e-41
13	-1.5	7.759e-39
13	-1	7.82255e-37
13	-0.5	6.14212e-35
13	0	3.7559e-33
13	0.5	1.78869e-31
13	1	6.63414e-30
13	1.5	1.91628e-28
13	2	4.31083e-27
13	2.5	7.55246e-26
13	3	1.03049e-24
13	3.5	1.09502e-23
13	4	9.06212e-23
13	4.5	5.84067e-22
13	5	2.93172e-21
13	5.5	1.14606e-20
13	6	3.48916e-20
13	6.5	8.27293e-20
13	7	1.52765e-19
13	7.5	2.19693e-19
13	8	2.46056e-19
13	8.5	2.14624e-19
13	9	1.45797e-19
13	9.5	7.7134e-20
13	10	3.17811e-20
13.5	-10	1.8306e-93
13.5	-9.5	1.52852e-89
13.5	-9	9.93974e-86
13.5	-8.5	5.0339e-82
13.5	-8	1.98546e-78
13.5	-7.5	6.09879e-75
13.5	-7	1.45899e-71
13.5	-6.5	2.71824e-68
13.5	-6	3.94411e-65
13.5	-5.5	4.45694e-62
13.5	-5	3.9224e-59
13.5	-4.5	2.68839e-56
13.5	-4	1.43502e-53
13.5	-3.5	5.96558e-51
13.5	-3	1.9314e-48
13.5	-2.5	4.86989e-46
13.5	-2	9.56295e-44
13.5	-1.5	1.46248e-41
13.5	-1	1.74187e-39
13.5	-0.5	1.61573e-37
13.5	0	1.1672e-35
13.5	0.5	6.56676e-34
13.5	1	2.87728e-32
13.5	1.5	9.81837e-31
13.5	2	2.60929e-29
13.5	2.5	5.40049e-28
13.5	3	8.70501e-27
13.5	3.5	1.09278e-25
13.5	4	1.06837e-24
13.5	4.5	8.13462e-24
13.5	5	4.82369e-23
13.5	5.5	2.22765e-22
13.5	6	8.01203e-22
13.5	6.5	2.24421e-21
13.5	7	4.89566e-21
13.5	7.5	8.31735e-21
13.5	8	1.10049e-20
13.5	8.5	1.134e-20
13.5	9	9.10049e-21
13.5	9.5	5.6878e-21
13.5	10	2.76853e-21
14	-10	1.62506e-97
14	-9.5	1.60298e-93
14	-9	1.23144e-89
14	-8.5	7.36761e-86
14	-8	3.43293e-82
14	-7.5	1.24575e-78
14	-7	3.52064e-75
14	-6.5	7.74888e-72
14	-6	1.32826e-68
14	-5.5	1.77318e-65
14	-5	1.84353e-62
14	-4.5	1.4927e-59
14	-4	9.41289e-57
14	-3.5	4.62273e-54
14	-3	1.76808e-51
14	-2.5	5.26659e-49
14	-2	1.22176e-46
14	-1.5	2.20733e-44
14	-1	3.10581e-42
14	-0.5	3.40337e-40
14	0	2.90449e-38
14	0.5	1.93044e-36
14	1	9.99239e-35
14	1.5	4.02818e-33
14	2	1.26466e-31
14	2.5	3.0922e-30
14	3	5.88826e-29
14	3.5	8.73237e-28
14	4	1.00856e-26
14	4.5	9.07197e-26
14	5	6.35515e-25
14	5.5	3.46718e-24
14	6	1.47317e-23
14	6.5	4.87481e-23
14	7	1.25628e-22
14	7.5	2.52141e-22
14	8	3.94118e-22
14	8.5	4.79773e-22
14	9	4.54853e-22
14	9.5	3.3584e-22
14	10	1.93117e-22
14.5	-10	1.15514e-101
14.5	-9.5	1.34609e-97
14.5	-9	1.22164e-93
14.5	-8.5	8.63452e-90
14.5	-8	4.75291e-86
14.5	-7.5	2.03754e-82
14.5	-7	6.80268e-79
14.5	-6.5	1.76881e-75
14.5	-6	3.58185e-72
14.5	-5.5	5.64885e-69
14.5	-5	6.93807e-66
14.5	-4.5	6.63658e-63
14.5	-4	4.94398e-60
14.5	-3.5	2.86837e-57
14.5	-3	1.29604e-54
14.5	-2.5	4.56069e-52
14.5	-2	1.24988e-49
14.5	-1.5	2.66767e-47
14.5	-1	4.43427e-45
14.5	-0.5	5.74036e-43
14.5	0	5.78738e-41
14.5	0.5	4.54414e-39
14.5	1	2.77874e-37
14.5	1.5	1.32333e-35
14.5	2	4.90815e-34
14.5	2.5	1.41773e-32
14.5	3	3.18929e-31
14.5	3.5	5.58755e-30
14.5	4	7.62388e-29
14.5	4.5	8.10133e-28
14.5	5	6.70445e-27
14.5	5.5	4.32112e-26
14.5	6	2.16898e-25
14.5	6.5	8.47895e-25
14.5	7	2.58139e-24
14.5	7.5	6.12058e-24
14.5	8	1.13021e-23
14.5	8.5	1.62536e-23
14.5	9	1.8204e-23
14.5	9.5	1.58786e-23
14.5	10	1.07865e-23
15	-10	6.57489e-106
15	-9.5	9.05134e-102
15	-9	9.70428e-98
15	-8.5	8.1029e-94
15	-8	5.26919e-90
15	-7.5	2.66854e-86
15	-7	1.05252e-82
15	-6.5	3.23305e-79
15	-6	7.7343e-76
15	-5.5	1.44097e-72
15	-5	2.09083e-69
15	-4.5	2.36268e-66
15	-4	2.07931e-63
15	-3.5	1.42515e-60
15	-3	7.60726e-58
15	-2.5	3.16244e-55
15	-2	1.02386e-52
15	-1.5	2.58159e-50
15	-1	5.06945e-48
15	-0.5	7.75282e-46
15	0	9.2339e-44
15	0.5	8.56519e-42
15	1	6.1875e-40
15	1.5	3.48112e-38
15	2	1.52528e-36
15	2.5	5.20485e-35
15	3	1.38322e-33
15	3.5	2.86287e-32
15	4	4.61464e-31
15	4.5	5.79297e-30
15	5	5.66357e-29
15	5.5	4.31227e-28
15	6	2.5571e-27
15	6.5	1.18091e-26
15	7	4.24728e-26
15	7.5	1.18969e-25
15	8	2.59525e-25
15	8.5	4.40914e-25
15	9	5.83383e-25
15	9.5	6.01147e-25
15	10	4.82429e-25
15.5	-10	2.99663e-110
15.5	-9.5	4.87349e-106
15.5	-9	6.17267e-102
15.5	-8.5	6.08881e-98
15.5	-8	4.67755e-94
15.5	-7.5	2.79853e-90
15.5	-7	1.30397e-86
15.5	-6.5	4.73188e-83
15.5	-6	1.33729e-79
15.5	-5.5	2.94336e-76
15.5	-5	5.0453e-73
15.5	-4.5	6.7353e-70
15.5	-4	7.00251e-67
15.5	-3.5	5.66992e-64
15.5	-3	3.57542e-61
15.5	-2.5	1.75591e-58
15.5	-2	6.71591e-56
15.5	-1.5	2.00048e-53
15.5	-1	4.64076e-51
15.5	-0.5	8.38437e-49
15.5	0	1.17972e-46
15.5	0.5	1.29274e-44
15.5	1	1.10325e-42
15.5	1.5	7.33263e-41
15.5	2	3.79554e-39
15.5	2.5	1.53008e-37
15.5	3	4.80374e-36
15.5	3.5	1.17455e-34
15.5	4	2.23661e-33
15.5	4.5	3.31693e-32
15.5	5	3.83096e-31
15.5	5.5	3.44592e-30
15.5	6	2.41396e-29
15.5	6.5	1.31698e-28
15.5	7	5.59574e-28
15.5	7.5	1.85166e-27
15.5	8	4.7719e-27
15.5	8.5	9.5774e-27
15.5	9	1.49703e-26
15.5	9.5	1.82238e-26
15.5	10	1.72773e-26
16	-10	1.09362e-114
16	-9.5	2.10115e-110
16	-9	3.14393e-106
16	-8.5	3.66365e-102
16	-8	3.32493e-98
16	-7.5	2.35005e-94
16	-7	1.29359e-90
16	-6.5	5.54556e-87
16	-6	1.85148e-83
16	-5.5	4.81415e-80
16	-5	9.74868e-77
16	-4.5	1.53744e-73
16	-4	1.88833e-70
16	-3.5	1.80627e-67
16	-3	1.3456e-64
16	-2.5	7.80681e-62
16	-2	3.52743e-59
16	-1.5	1.24128e-56
16	-1	3.40179e-54
16	-0.5	7.26058e-52
16	0	1.20687e-49
16	0.5	1.56235e-47
16	1	1.57515e-45
16	1.5	1.23677e-43
16	2	7.56286e-42
16	2.5	3.60171e-40
16	3	1.33585e-38
16	3.5	3.85862e-37
16	4	8.68027e-36
16	4.5	1.52076e-34
16	5	2.07498e-33
16	5.5	2.20493e-32
16	6	1.82474e-31
16	6.5	1.17608e-30
16	7	5.9033e-30
16	7.5	2.30771e-29
16	8	7.02576e-29
16	8.5	1.66583e-28
16	9	3.07608e-28
16	9.5	4.42373e-28
16	10	4.95457e-28
16.5	-10	3.1959e-119
16.5	-9.5	7.25379e-115
16.5	-9	1.28222e-110
16.5	-8.5	1.76517e-106
16.5	-8	1.89251e-102
16.5	-7.5	1.58021e-98
16.5	-7	1.02759e-94
16.5	-6.5	5.20412e-91
16.5	-6	2.0526e-87
16.5	-5.5	6.30502e-84
16.5	-5	1.50833e-80
16.5	-4.5	2.81015e-77
16.5	-4	4.07748e-74
16.5	-3.5	4.60765e-71
16.5	-3	4.05503e-68
16.5	-2.5	2.7793e-65
16.5	-2	1.48355e-62
16.5	-1.5	6.16731e-60
16.5	-1	1.99671e-57
16.5	-0.5	5.03457e-55
16.5	0	9.88632e-53
16.5	0.5	1.51194e-50
16.5	1	1.80077e-48
16.5	1.5	1.67036e-46
16.5	2	1.20667e-44
16.5	2.5	6.78881e-43
16.5	3	2.97457e-41
16.5	3.5	1.01504e-39
16.5	4	2.69753e-38
16.5	4.5	5.58311e-37
16.5	5	8.99937e-36
16.5	5.5	1.12973e-34
16.5	6	1.1045e-33
16.5	6.5	8.40969e-33
16.5	7	4.9868e-32
16.5	7.5	2.30298e-31
16.5	8	8.28295e-31
16.5	8.5	2.3201e-30
16.5	9	5.0612e-30
16.5	9.5	8.5986e-30
16.5	10	1.1377e-29
17	-10	7.4784e-124
17	-9.5	2.00522e-119
17	-9	4.18738e-115
17	-8.5	6.81003e-111
17	-8	8.62546e-107
17	-7.5	8.50828e-103
17	-7	6.53623e-99
17	-6.5	3.91057e-95
17	-6	1.82212e-91
17	-5.5	6.61216e-88
17	-5	1.86868e-84
17	-4.5	4.11294e-81
17	-4	7.05011e-78
17	-3.5	9.41167e-75
17	-3	9.78506e-72
17	-2.5	7.92294e-69
17	-2	4.99616e-66
17	-1.5	2.45365e-63
17	-1	9.38457e-61
17	-0.5	2.79539e-58
17	0	6.48482e-56
17	0.5	1.1716e-53
17	1	1.64849e-51
17	1.5	1.80643e-49
17	2	1.54164e-47
17	2.5	1.02464e-45
17	3	5.30374e-44
17	3.5	2.13807e-42
17	4	6.71256e-41
17	4.5	1.64127e-39
17	5	3.12536e-38
17	5.5	4.63495e-37
17	6	5.35324e-36
17	6.5	4.81521e-35
17	7	3.37318e-34
17	7.5	1.84031e-33
17	8	7.81929e-33
17	8.5	2.58744e-32
17	9	6.66808e-32
17	9.5	1.33831e-31
17	10	2.09189e-31
17.5	-10	1.40124e-128
17.5	-9.5	4.43864e-124
17.5	-9	1.095e-119
17.5	-8.5	2.10379e-115
17.5	-8	3.14787e-111
17.5	-7.5	3.66825e-107
17.5	-7	3.3291e-103
17.5	-6.5	2.353e-99
17.5	-6	1.29522e-95
17.5	-5.5	5.55252e-92
17.5	-5	1.8538e-88
17.5	-4.5	4.82019e-85
17.5	-4	9.76091e-82
17.5	-3.5	1.53937e-78
17.5	-3	1.8907e-75
17.5	-2.5	1.80854e-72
17.5	-2	1.34729e-69
17.5	-1.5	7.81661e-67
17.5	-1	3.53186e-64
17.5	-0.5	1.24284e-61
17.5	0	3.40606e-59
17.5	0.5	7.26968e-57
17.5	1	1.20839e-54
17.5	1.5	1.56431e-52
17.5	2	1.57712e-50
17.5	2.5	1.23833e-48
17.5	3	7.57235e-47
17.5	3.5	3.60623e-45
17.5	4	1.33752e-43
17.5	4.5	3.86346e-42
17.5	5	8.69116e-41
17.5	5.5	1.52267e-39
17.5	6	2.07759e-38
17.5	6.5	2.2077e-37
17.5	7	1.82703e-36
17.5	7.5	1.17755e-35
17.5	8	5.91071e-35
17.5	8.5	2.3106e-34
17.5	9	7.03457e-34
17.5	9.5	1.66792e-33
17.5	10	3.07993e-33
18	-10	2.10237e-133
18	-9.5	7.86734e-129
18	-9	2.29284e-124
18	-8.5	5.20409e-120
18	-8	9.19904e-116
18	-7.5	1.26639e-111
18	-7	1.35774e-107
18	-6.5	1.13369e-103
18	-6	7.37221e-100
18	-5.5	3.73359e-96
18	-5	1.47259e-92
18	-4.5	4.52341e-89
18	-4	1.08212e-85
18	-3.5	2.01609e-82
18	-3	2.92531e-79
18	-2.5	3.30567e-76
18	-2	2.9092e-73
18	-1.5	1.99395e-70
18	-1	1.06434e-67
18	-0.5	4.42461e-65
18	0	1.4325e-62
18	0.5	3.61195e-60
18	1	7.09275e-58
18	1.5	1.08471e-55
18	2	1.29193e-53
18	2.5	1.19837e-51
18	3	8.65703e-50
18	3.5	4.8705e-48
18	4	2.13405e-46
18	4.5	7.28218e-45
18	5	1.93529e-43
18	5.5	4.00549e-42
18	6	6.45642e-41
18	6.5	8.10503e-40
18	7	7.92399e-39
18	7.5	6.03337e-38
18	8	3.57768e-37
18	8.5	1.65223e-36
18	9	5.94244e-36
18	9.5	1.66451e-35
18	10	3.63106e-35
18.5	-10	2.52578e-138
18.5	-9.5	1.1166e-133
18.5	-9	3.84435e-129
18.5	-8.5	1.03081e-124
18.5	-8	2.15257e-120
18.5	-7.5	3.50077e-116
18.5	-7	4.43401e-112
18.5	-6.5	4.37378e-108
18.5	-6	3.36002e-104
18.5	-5.5	2.01027e-100
18.5	-5	9.36684e-97
18.5	-4.5	3.39905e-93
18.5	-4	9.60615e-90
18.5	-3.5	2.1143e-86
18.5	-3	3.62419e-83
18.5	-2.5	4.83817e-80
18.5	-2	5.03012e-77
18.5	-1.5	4.07288e-74
18.5	-1	2.56833e-71
18.5	-0.5	1.26132e-68
18.5	0	4.82424e-66
18.5	0.5	1.437e-63
18.5	1	3.3336e-61
18.5	1.5	6.02274e-59
18.5	2	8.47427e-57
18.5	2.5	9.28617e-55
18.5	3	7.92496e-53
18.5	3.5	5.26725e-51
18.5	4	2.72645e-49
18.5	4.5	1.0991e-47
18.5	5	3.45067e-46
18.5	5.5	8.43715e-45
18.5	6	1.60663e-43
18.5	6.5	2.38265e-42
18.5	7	2.75189e-41
18.5	7.5	2.47531e-40
18.5	8	1.73402e-39
18.5	8.5	9.4603e-39
18.5	9	4.01959e-38
18.5	9.5	1.3301e-37
18.5	10	3.4278e-37
19	-10	2.4298e-143
19	-9.5	1.26898e-138
19	-9	5.16136e-134
19	-8.5	1.63493e-129
19	-8	4.03332e-125
19	-7.5	7.74911e-121
19	-7	1.15949e-116
19	-6.5	1.35117e-112
19	-6	1.22624e-108
19	-5.5	8.66706e-105
19	-5	4.77082e-101
19	-4.5	2.04522e-97
19	-4	6.82832e-94
19	-3.5	1.77547e-90
19	-3	3.59534e-87
19	-2.5	5.67013e-84
19	-2	6.96422e-81
19	-1.5	6.66159e-78
19	-1	4.96261e-75
19	-0.5	2.87918e-72
19	0	1.30093e-69
19	0.5	4.57788e-67
19	1	1.25459e-64
19	1.5	2.67772e-62
19	2	4.45098e-60
19	2.5	5.76199e-58
19	3	5.80919e-56
19	3.5	4.56126e-54
19	4	2.78921e-52
19	4.5	1.32832e-50
19	5	4.92665e-49
19	5.5	1.42307e-47
19	6	3.20131e-46
19	6.5	5.60861e-45
19	7	7.65261e-44
19	7.5	8.13186e-43
19	8	6.72971e-42
19	8.5	4.3374e-41
19	9	2.17716e-40
19	9.5	8.5109e-40
19	10	2.59112e-39
19.5	-10	1.8717e-148
19.5	-9.5	1.15479e-143
19.5	-9	5.54874e-139
19.5	-8.5	2.07641e-134
19.5	-8	6.05143e-130
19.5	-7.5	1.3735e-125
19.5	-7	2.42788e-121
19.5	-6.5	3.34235e-117
19.5	-6	3.58346e-113
19.5	-5.5	2.99212e-109
19.5	-5	1.94573e-105
19.5	-4.5	9.854e-102
19.5	-4	3.88659e-98
19.5	-3.5	1.19385e-94
19.5	-3	2.85601e-91
19.5	-2.5	5.32102e-88
19.5	-2	7.7207e-85
19.5	-1.5	8.72459e-82
19.5	-1	7.6782e-79
19.5	-0.5	5.2626e-76
19.5	0	2.8091e-73
19.5	0.5	1.16778e-70
19.5	1	3.78077e-68
19.5	1.5	9.53294e-66
19.5	2	1.87197e-63
19.5	2.5	2.86285e-61
19.5	3	3.40976e-59
19.5	3.5	3.16283e-57
19.5	4	2.28483e-55
19.5	4.5	1.28546e-53
19.5	5	5.63235e-52
19.5	5.5	1.92197e-50
19.5	6	5.10776e-49
19.5	6.5	1.05716e-47
19.5	7	1.70403e-46
19.5	7.5	2.13914e-45
19.5	8	2.09136e-44
19.5	8.5	1.59237e-43
19.5	9	9.4425e-43
19.5	9.5	4.36069e-42
19.5	10	1.56838e-41
20	-10	1.15449e-153
20	-9.5	8.41473e-149
20	-9	4.77656e-144
20	-8.5	2.11162e-139
20	-8	7.27016e-135
20	-7.5	1.94938e-130
20	-7	4.07078e-126
20	-6.5	6.6204e-122
20	-6	8.38528e-118
20	-5.5	8.27136e-114
20	-5	6.35423e-110
20	-4.5	3.80167e-106
20	-4	1.77139e-102
20	-3.5	6.42804e-99
20	-3	1.81664e-95
20	-2.5	3.99841e-92
20	-2	6.8538e-89
20	-1.5	9.14959e-86
20	-1	9.51258e-83
20	-0.5	7.70232e-80
20	0	4.85704e-77
20	0.5	2.38532e-74
20	1	9.12325e-72
20	1.5	2.71755e-69
20	2	6.30425e-67
20	2.5	1.13898e-64
20	3	1.60259e-62
20	3.5	1.75613e-60
20	4	1.49871e-58
20	4.5	9.96104e-57
20	5	5.15606e-55
20	5.5	2.07854e-53
20	6	6.52565e-52
20	6.5	1.59557e-50
20	7	3.03833e-49
20	7.5	4.50589e-48
20	8	5.20418e-47
20	8.5	4.68112e-46
20	9	3.27925e-45
20	9.5	1.78906e-44
20	10	7.60155e-44
