-20	-10	0.000509252
-20	-9.5	0.00131204
-20	-9	0.00284366
-20	-8.5	0.00518477
-20	-8	0.00795245
-20	-7.5	0.0102611
-20	-7	0.0111379
-20	-6.5	0.0101703
-20	-6	0.00781235
-20	-5.5	0.00504837
-20	-5	0.00274435
-20	-4.5	0.00125501
-20	-4	0.000482809
-20	-3.5	0.000156251
-20	-3	4.25391e-05
-20	-2.5	9.7426e-06
-20	-2	1.87707e-06
-20	-1.5	3.04233e-07
-20	-1	4.14811e-08
-20	-0.5	4.75789e-09
-20	0	4.59091e-10
-20	0.5	3.72651e-11
-20	1	2.54463e-12
-20	1.5	1.46173e-13
-20	2	7.06365e-15
-20	2.5	2.87151e-16
-20	3	9.82e-18
-20	3.5	2.82509e-19
-20	4	6.8371e-21
-20	4.5	1.39197e-22
-20	5	2.38402e-24
-20	5.5	3.43486e-26
-20	6	4.1632e-28
-20	6.5	4.24487e-30
-20	7	3.64101e-32
-20	7.5	2.62723e-34
-20	8	1.59476e-36
-20	8.5	8.14349e-39
-20	9	3.49821e-41
-20	9.5	1.26416e-43
-20	10	3.84304e-46
-19.5	-10	0.000407065
-19.5	-9.5	0.00109702
-19.5	-9	0.00248705
-19.5	-8.5	0.00474322
-19.5	-8	0.00760996
-19.5	-7.5	0.010271
-19.5	-7	0.0116616
-19.5	-6.5	0.0111385
-19.5	-6	0.00894981
-19.5	-5.5	0.00604951
-19.5	-5	0.00343991
-19.5	-4.5	0.00164548
-19.5	-4	0.000662152
-19.5	-3.5	0.000224152
-19.5	-3	6.38332e-05
-19.5	-2.5	1.52922e-05
-19.5	-2	3.08187e-06
-19.5	-1.5	5.22489e-07
-19.5	-1	7.45177e-08
-19.5	-0.5	8.94049e-09
-19.5	0	9.02366e-10
-19.5	0.5	7.66167e-11
-19.5	1	5.47248e-12
-19.5	1.5	3.28825e-13
-19.5	2	1.66213e-14
-19.5	2.5	7.06778e-16
-19.5	3	2.52826e-17
-19.5	3.5	7.60816e-19
-19.5	4	1.926e-20
-19.5	4.5	4.10161e-22
-19.5	5	7.34804e-24
-19.5	5.5	1.10741e-25
-19.5	6	1.40399e-27
-19.5	6.5	1.4974e-29
-19.5	7	1.34349e-31
-19.5	7.5	1.01402e-33
-19.5	8	6.43846e-36
-19.5	8.5	3.43902e-38
-19.5	9	1.54528e-40
-19.5	9.5	5.84118e-43
-19.5	10	1.85743e-45
-19	-10	0.000320402
-19	-9.5	0.0009032
-19	-9	0.00214186
-19	-8.5	0.00427286
-19	-8	0.00717076
-19	-7.5	0.0101235
-19	-7	0.0120231
-19	-6.5	0.0120122
-19	-6	0.010096
-19	-5.5	0.00713825
-19	-5	0.00424576
-19	-4.5	0.00212441
-19	-4	0.000894215
-19	-3.5	0.000316639
-19	-3	9.43205e-05
-19	-2.5	2.36357e-05
-19	-2	4.98252e-06
-19	-1.5	8.83587e-07
-19	-1	1.31816e-07
-19	-0.5	1.65428e-08
-19	0	1.7465e-09
-19	0.5	1.55113e-10
-19	1	1.1589e-11
-19	1.5	7.28388e-13
-19	2	3.85123e-14
-19	2.5	1.713e-15
-19	3	6.40963e-17
-19	3.5	2.01757e-18
-19	4	5.3425e-20
-19	4.5	1.19009e-21
-19	5	2.23015e-23
-19	5.5	3.51566e-25
-19	6	4.66231e-27
-19	6.5	5.20132e-29
-19	7	4.88142e-31
-19	7.5	3.85388e-33
-19	8	2.55959e-35
-19	8.5	1.43008e-37
-19	9	6.72158e-40
-19	9.5	2.65767e-42
-19	10	8.83998e-45
-18.5	-10	0.00024833
-18.5	-9.5	0.000732243
-18.5	-9	0.00181635
-18.5	-8.5	0.00379023
-18.5	-8	0.00665349
-18.5	-7.5	0.00982547
-18.5	-7	0.0122061
-18.5	-6.5	0.0127562
-18.5	-6	0.0112146
-18.5	-5.5	0.008294
-18.5	-5	0.00516019
-18.5	-4.5	0.00270076
-18.5	-4	0.00118912
-18.5	-3.5	0.000440441
-18.5	-3	0.000137236
-18.5	-2.5	3.59721e-05
-18.5	-2	7.93204e-06
-18.5	-1.5	1.47137e-06
-18.5	-1	2.29605e-07
-18.5	-0.5	3.0141e-08
-18.5	0	3.32855e-09
-18.5	0.5	3.09223e-10
-18.5	1	2.41661e-11
-18.5	1.5	1.58878e-12
-18.5	2	8.78694e-14
-18.5	2.5	4.0882e-15
-18.5	3	1.6001e-16
-18.5	3.5	5.26841e-18
-18.5	4	1.45926e-19
-18.5	4.5	3.4002e-21
-18.5	5	6.66495e-23
-18.5	5.5	1.09903e-24
-18.5	6	1.52454e-26
-18.5	6.5	1.77906e-28
-18.5	7	1.74647e-30
-18.5	7.5	1.44228e-32
-18.5	8	1.00198e-34
-18.5	8.5	5.85583e-37
-18.5	9	2.87897e-39
-18.5	9.5	1.19071e-41
-18.5	10	4.14278e-44
-18	-10	0.000189524
-18	-9.5	0.000584558
-18	-9	0.00151674
-18	-8.5	0.00331065
-18	-8	0.00607904
-18	-7.5	0.00939024
-18	-7	0.0122022
-18	-6.5	0.0133388
-18	-6	0.0122664
-18	-5.5	0.00948939
-18	-5	0.00617557
-18	-4.5	0.00338093
-18	-4	0.00155709
-18	-3.5	0.00060327
-18	-3	0.000196621
-18	-2.5	5.39096e-05
-18	-2	1.24343e-05
-18	-1.5	2.41267e-06
-18	-1	3.93816e-07
-18	-0.5	5.40765e-08
-18	0	6.24659e-09
-18	0.5	6.07012e-10
-18	1	4.96216e-11
-18	1.5	3.41243e-12
-18	2	1.97413e-13
-18	2.5	9.60746e-15
-18	3	3.93333e-16
-18	3.5	1.35466e-17
-18	4	3.92484e-19
-18	4.5	9.56604e-21
-18	5	1.96138e-22
-18	5.5	3.38307e-24
-18	6	4.90885e-26
-18	6.5	5.99195e-28
-18	7	6.15285e-30
-18	7.5	5.315e-32
-18	8	3.86234e-34
-18	8.5	2.36111e-36
-18	9	1.21424e-38
-18	9.5	5.25301e-41
-18	10	1.91176e-43
-17.5	-10	0.00014243
-17.5	-9.5	0.000459517
-17.5	-9	0.00124716
-17.5	-8.5	0.00284749
-17.5	-8	0.00546918
-17.5	-7.5	0.00883692
-17.5	-7	0.0120116
-17.5	-6.5	0.0137347
-17.5	-6	0.0132116
-17.5	-5.5	0.0106909
-17.5	-5	0.00727763
-17.5	-4.5	0.00416761
-17.5	-4	0.00200772
-17.5	-3.5	0.000813651
-17.5	-3	0.000277391
-17.5	-2.5	7.9555e-05
-17.5	-2	1.91938e-05
-17.5	-1.5	3.89561e-06
-17.5	-1	6.65132e-07
-17.5	-0.5	9.55346e-08
-17.5	0	1.15434e-08
-17.5	0.5	1.17334e-09
-17.5	1	1.00331e-10
-17.5	1.5	7.21716e-12
-17.5	2	4.36734e-13
-17.5	2.5	2.22324e-14
-17.5	3	9.52085e-16
-17.5	3.5	3.42992e-17
-17.5	4	1.03947e-18
-17.5	4.5	2.65009e-20
-17.5	5	5.68366e-22
-17.5	5.5	1.02545e-23
-17.5	6	1.5564e-25
-17.5	6.5	1.98723e-27
-17.5	7	2.13449e-29
-17.5	7.5	1.92867e-31
-17.5	8	1.46603e-33
-17.5	8.5	9.37447e-36
-17.5	9	5.04279e-38
-17.5	9.5	2.28199e-40
-17.5	10	8.68713e-43
-17	-10	0.000105399
-17	-9.5	0.000355694
-17	-9	0.0010098
-17	-8.5	0.00241164
-17	-8	0.00484518
-17	-7.5	0.00818893
-17	-7	0.011643
-17	-6.5	0.0139258
-17	-6	0.0140118
-17	-5.5	0.0118601
-17	-5	0.00844509
-17	-4.5	0.0050587
-17	-4	0.00254913
-17	-3.5	0.0010806
-17	-3	0.000385352
-17	-2.5	0.000115603
-17	-2	2.91744e-05
-17	-1.5	6.19374e-06
-17	-1	1.10617e-06
-17	-0.5	1.66194e-07
-17	0	2.10051e-08
-17	0.5	2.23333e-09
-17	1	1.99757e-10
-17	1.5	1.50304e-11
-17	2	9.5139e-13
-17	2.5	5.06601e-14
-17	3	2.2693e-15
-17	3.5	8.55144e-17
-17	4	2.71085e-18
-17	4.5	7.22921e-20
-17	5	1.62179e-21
-17	5.5	3.0607e-23
-17	6	4.8592e-25
-17	6.5	6.48976e-27
-17	7	7.29141e-29
-17	7.5	6.89151e-31
-17	8	5.47944e-33
-17	8.5	3.66504e-35
-17	9	2.06224e-37
-17	9.5	9.76159e-40
-17	10	3.88706e-42
-16.5	-10	7.68028e-05
-16.5	-9.5	0.000271115
-16.5	-9	0.000805099
-16.5	-8.5	0.00201124
-16.5	-8	0.00422668
-16.5	-7.5	0.0074723
-16.5	-7	0.0111129
-16.5	-6.5	0.0139034
-16.5	-6	0.0146331
-16.5	-5.5	0.0129559
-16.5	-5	0.00964984
-16.5	-4.5	0.00604633
-16.5	-4	0.00318701
-16.5	-3.5	0.00141317
-16.5	-3	0.000527138
-16.5	-2.5	0.000165415
-16.5	-2	4.3666e-05
-16.5	-1.5	9.69689e-06
-16.5	-1	1.81151e-06
-16.5	-0.5	2.84688e-07
-16.5	0	3.76371e-08
-16.5	0.5	4.18585e-09
-16.5	1	3.91624e-10
-16.5	1.5	3.08231e-11
-16.5	2	2.0408e-12
-16.5	2.5	1.1367e-13
-16.5	3	5.32612e-15
-16.5	3.5	2.0994e-16
-16.5	4	6.96144e-18
-16.5	4.5	1.94188e-19
-16.5	5	4.55685e-21
-16.5	5.5	8.99554e-23
-16.5	6	1.49386e-24
-16.5	6.5	2.08694e-26
-16.5	7	2.45263e-28
-16.5	7.5	2.42478e-30
-16.5	8	2.01665e-32
-16.5	8.5	1.41095e-34
-16.5	9	8.30443e-37
-16.5	9.5	4.11177e-39
-16.5	10	1.71264e-41
-16	-10	5.51083e-05
-16	-9.5	0.000203484
-16	-9	0.00063207
-16	-8.5	0.00165165
-16	-8	0.0036307
-16	-7.5	0.00671403
-16	-7	0.0104447
-16	-6.5	0.0136687
-16	-6	0.0150479
-16	-5.5	0.0139363
-16	-5	0.0108577
-16	-4.5	0.00711617
-16	-4	0.00392352
-16	-3.5	0.0018198
-16	-3	0.000710055
-16	-2.5	0.000233066
-16	-2	6.43556e-05
-16	-1.5	1.4949e-05
-16	-1	2.92119e-06
-16	-0.5	4.80203e-07
-16	0	6.64064e-08
-16	0.5	7.72529e-09
-16	1	7.5603e-10
-16	1.5	6.22419e-11
-16	2	4.31068e-12
-16	2.5	2.51147e-13
-16	3	1.23092e-14
-16	3.5	5.07519e-16
-16	4	1.76033e-17
-16	4.5	5.13635e-19
-16	5	1.26077e-20
-16	5.5	2.60337e-22
-16	6	4.52225e-24
-16	6.5	6.60836e-26
-16	7	8.12367e-28
-16	7.5	8.40099e-30
-16	8	7.3085e-32
-16	8.5	5.34866e-34
-16	9	3.29292e-36
-16	9.5	1.70545e-38
-16	10	7.43042e-41
-15.5	-10	3.89367e-05
-15.5	-9.5	0.000150387
-15.5	-9	0.000488632
-15.5	-8.5	0.00133559
-15.5	-8	0.00307102
-15.5	-7.5	0.00594036
-15.5	-7	0.00966635
-15.5	-6.5	0.0132322
-15.5	-6	0.0152377
-15.5	-5.5	0.0147614
-15.5	-5	0.0120297
-15.5	-4.5	0.00824713
-15.5	-4	0.0047563
-15.5	-3.5	0.00230757
-15.5	-3	0.000941805
-15.5	-2.5	0.00032336
-15.5	-2	9.33966e-05
-15.5	-1.5	2.26932e-05
-15.5	-1	4.63851e-06
-15.5	-0.5	7.97595e-07
-15.5	0	1.15373e-07
-15.5	0.5	1.40394e-08
-15.5	1	1.43717e-09
-15.5	1.5	1.23763e-10
-15.5	2	8.96585e-12
-15.5	2.5	5.46402e-13
-15.5	3	2.80125e-14
-15.5	3.5	1.20812e-15
-15.5	4	4.38319e-17
-15.5	4.5	1.33779e-18
-15.5	5	3.43485e-20
-15.5	5.5	7.41899e-22
-15.5	6	1.34804e-23
-15.5	6.5	2.06053e-25
-15.5	7	2.64957e-27
-15.5	7.5	2.86609e-29
-15.5	8	2.60811e-31
-15.5	8.5	1.99655e-33
-15.5	9	1.28575e-35
-15.5	9.5	6.96544e-38
-15.5	10	3.1744e-40
-15	-10	2.70896e-05
-15	-9.5	0.000109444
-15	-9	0.000371964
-15	-8.5	0.00106348
-15	-8	0.00255786
-15	-7.5	0.00517541
-15	-7	0.0088091
-15	-6.5	0.0126136
-15	-6	0.0151937
-15	-5.5	0.0153961
-15	-5	0.0131243
-15	-4.5	0.00941153
-15	-4	0.00567759
-15	-3.5	0.0028813
-15	-3	0.00123007
-15	-2.5	0.000441768
-15	-2	0.000133468
-15	-1.5	3.39218e-05
-15	-1	7.25271e-06
-15	-0.5	1.30449e-06
-15	0	1.97379e-07
-15	0.5	2.51236e-08
-15	1	2.69018e-09
-15	1.5	2.42326e-10
-15	2	1.83628e-11
-15	2.5	1.17057e-12
-15	3	6.27732e-14
-15	3.5	2.83186e-15
-15	4	1.0747e-16
-15	4.5	3.43103e-18
-15	5	9.21468e-20
-15	5.5	2.08188e-21
-15	6	3.95686e-23
-15	6.5	6.32652e-25
-15	7	8.50939e-27
-15	7.5	9.62835e-29
-15	8	9.16484e-31
-15	8.5	7.33867e-33
-15	9	4.94344e-35
-15	9.5	2.80131e-37
-15	10	1.3354e-39
-14.5	-10	1.85586e-05
-14.5	-9.5	7.84284e-05
-14.5	-9	0.000278818
-14.5	-8.5	0.000833847
-14.5	-8	0.00209784
-14.5	-7.5	0.00443994
-14.5	-7	0.007905
-14.5	-6.5	0.0118399
-14.5	-6	0.014918
-14.5	-5.5	0.0158122
-14.5	-5	0.0140993
-14.5	-4.5	0.0105759
-14.5	-4	0.00667361
-14.5	-3.5	0.0035426
-14.5	-3	0.00158199
-14.5	-2.5	0.000594297
-14.5	-2	0.000187812
-14.5	-1.5	4.99302e-05
-14.5	-1	1.11666e-05
-14.5	-0.5	2.10088e-06
-14.5	0	3.32506e-07
-14.5	0.5	4.42708e-08
-14.5	1	4.95854e-09
-14.5	1.5	4.67209e-10
-14.5	2	3.70329e-11
-14.5	2.5	2.46935e-12
-14.5	3	1.38515e-13
-14.5	3.5	6.53632e-15
-14.5	4	2.5947e-16
-14.5	4.5	8.66486e-18
-14.5	5	2.43419e-19
-14.5	5.5	5.75265e-21
-14.5	6	1.14367e-22
-14.5	6.5	1.91272e-24
-14.5	7	2.69106e-26
-14.5	7.5	3.18504e-28
-14.5	8	3.17121e-30
-14.5	8.5	2.65617e-32
-14.5	9	1.87157e-34
-14.5	9.5	1.10937e-36
-14.5	10	5.53176e-39
-14	-10	1.25196e-05
-14	-9.5	5.53423e-05
-14	-9	0.000205798
-14	-8.5	0.000643791
-14	-8	0.00169422
-14	-7.5	0.00375069
-14	-7	0.00698512
-14	-6.5	0.0109435
-14	-6	0.0144231
-14	-5.5	0.0159911
-14	-5	0.0149149
-14	-4.5	0.0117025
-14	-4	0.00772429
-14	-3.5	0.00428902
-14	-3	0.00200344
-14	-2.5	0.000787254
-14	-2	0.000260239
-14	-1.5	7.23685e-05
-14	-1	1.69296e-05
-14	-0.5	3.33168e-06
-14	0	5.51567e-07
-14	0.5	7.68164e-08
-14	1	8.99971e-09
-14	1.5	8.86999e-10
-14	2	7.35423e-11
-14	2.5	5.12945e-12
-14	3	3.0097e-13
-14	3.5	1.48558e-14
-14	4	6.16862e-16
-14	4.5	2.15476e-17
-14	5	6.33185e-19
-14	5.5	1.56524e-20
-14	6	3.255e-22
-14	6.5	5.69431e-24
-14	7	8.38012e-26
-14	7.5	1.03748e-27
-14	8	1.08051e-29
-14	8.5	9.46663e-32
-14	9	6.97722e-34
-14	9.5	4.32603e-36
-14	10	2.2564e-38
-13.5	-10	8.31648e-06
-13.5	-9.5	3.8454e-05
-13.5	-9	0.000149577
-13.5	-8.5	0.000489447
-13.5	-8	0.00134731
-13.5	-7.5	0.00311995
-13.5	-7	0.00607781
-13.5	-6.5	0.00996017
-13.5	-6	0.0137311
-13.5	-5.5	0.0159245
-13.5	-5	0.0155361
-13.5	-4.5	0.0127509
-13.5	-4	0.00880355
-13.5	-3.5	0.00511322
-13.5	-3	0.00249834
-13.5	-2.5	0.0010269
-13.5	-2	0.000355077
-13.5	-1.5	0.000103285
-13.5	-1	2.52739e-05
-13.5	-0.5	5.20266e-06
-13.5	0	9.00947e-07
-13.5	0.5	1.31248e-07
-13.5	1	1.60844e-08
-13.5	1.5	1.6582e-09
-13.5	2	1.4381e-10
-13.5	2.5	1.0492e-11
-13.5	3	6.43947e-13
-13.5	3.5	3.32476e-14
-13.5	4	1.44408e-15
-13.5	4.5	5.27642e-17
-13.5	5	1.62184e-18
-13.5	5.5	4.19369e-20
-13.5	6	9.1223e-22
-13.5	6.5	1.66929e-23
-13.5	7	2.56968e-25
-13.5	7.5	3.3277e-27
-13.5	8	3.62519e-29
-13.5	8.5	3.32228e-31
-13.5	9	2.5613e-33
-13.5	9.5	1.66114e-35
-13.5	10	9.06295e-38
-13	-10	5.43986e-06
-13	-9.5	2.63104e-05
-13	-9	0.00010705
-13	-8.5	0.00036641
-13	-8	0.00105503
-13	-7.5	0.00255555
-13	-7	0.00520741
-13	-6.5	0.00892645
-13	-6	0.0128723
-13	-5.5	0.0156154
-13	-5	0.0159356
-13	-4.5	0.0136805
-13	-4	0.00988003
-13	-3.5	0.00600251
-13	-3	0.0030678
-13	-2.5	0.00131899
-13	-2	0.000477061
-13	-1.5	0.000145153
-13	-1	3.71534e-05
-13	-0.5	8e-06
-13	0	1.44911e-06
-13	0.5	2.20817e-07
-13	1	2.83062e-08
-13	1.5	3.05247e-09
-13	2	2.76911e-10
-13	2.5	2.11324e-11
-13	3	1.35668e-12
-13	3.5	7.327e-14
-13	4	3.32884e-15
-13	4.5	1.27227e-16
-13	5	4.0906e-18
-13	5.5	1.1064e-19
-13	6	2.51743e-21
-13	6.5	4.81863e-23
-13	7	7.75904e-25
-13	7.5	1.05102e-26
-13	8	1.19767e-28
-13	8.5	1.1481e-30
-13	9	9.25851e-33
-13	9.5	6.28092e-35
-13	10	3.58447e-37
-12.5	-10	3.50379e-06
-12.5	-9.5	1.77262e-05
-12.5	-9	7.5442e-05
-12.5	-8.5	0.000270103
-12.5	-8	0.000813516
-12.5	-7.5	0.00206121
-12.5	-7	0.00439337
-12.5	-6.5	0.00787758
-12.5	-6	0.0118825
-12.5	-5.5	0.0150779
-12.5	-5	0.0160951
-12.5	-4.5	0.0144533
-12.5	-4	0.0109184
-12.5	-3.5	0.00693861
-12.5	-3	0.0037094
-12.5	-2.5	0.00166823
-12.5	-2	0.000631141
-12.5	-1.5	0.000200871
-12.5	-1	5.37807e-05
-12.5	-0.5	1.21131e-05
-12.5	0	2.29511e-06
-12.5	0.5	3.65824e-07
-12.5	1	4.90524e-08
-12.5	1.5	5.53309e-09
-12.5	2	5.25043e-10
-12.5	2.5	4.19123e-11
-12.5	3	2.81454e-12
-12.5	3.5	1.58998e-13
-12.5	4	7.55611e-15
-12.5	4.5	3.0208e-16
-12.5	5	1.01594e-17
-12.5	5.5	2.87429e-19
-12.5	6	6.8409e-21
-12.5	6.5	1.36967e-22
-12.5	7	2.30695e-24
-12.5	7.5	3.26874e-26
-12.5	8	3.8962e-28
-12.5	8.5	3.90681e-30
-12.5	9	3.29551e-32
-12.5	9.5	2.33853e-34
-12.5	10	1.39599e-36
-12	-10	2.22223e-06
-12	-9.5	1.17599e-05
-12	-9	5.23528e-05
-12	-8.5	0.000196062
-12	-8	0.000617687
-12	-7.5	0.00163705
-12	-7	0.00364985
-12	-6.5	0.00684554
-12	-6	0.0108009
-12	-5.5	0.0143361
-12	-5	0.0160075
-12	-4.5	0.015036
-12	-4	0.0118813
-12	-3.5	0.00789794
-12	-3	0.00441655
-12	-2.5	0.00207765
-12	-2	0.000822205
-12	-1.5	0.000273721
-12	-1	7.66577e-05
-12	-0.5	1.80602e-05
-12	0	3.57939e-06
-12	0.5	5.96781e-07
-12	1	8.37029e-08
-12	1.5	9.87611e-09
-12	2	9.8028e-10
-12	2.5	8.1853e-11
-12	3	5.74961e-12
-12	3.5	3.39751e-13
-12	4	1.6889e-14
-12	4.5	7.06263e-16
-12	5	2.48455e-17
-12	5.5	7.35274e-19
-12	6	1.8305e-20
-12	6.5	3.83363e-22
-12	7	6.75415e-24
-12	7.5	1.00104e-25
-12	8	1.2481e-27
-12	8.5	1.30908e-29
-12	9	1.15506e-31
-12	9.5	8.57359e-34
-12	10	5.35353e-36
-11.5	-10	1.38785e-06
-11.5	-9.5	7.68236e-06
-11.5	-9	3.5774e-05
-11.5	-8.5	0.000140139
-11.5	-8	0.000461819
-11.5	-7.5	0.00128027
-11.5	-7	0.00298575
-11.5	-6.5	0.00585766
-11.5	-6	0.00966749
-11.5	-5.5	0.0134222
-11.5	-5	0.0156766
-11.5	-4.5	0.0154028
-11.5	-4	0.0127312
-11.5	-3.5	0.0088523
-11.5	-3	0.00517801
-11.5	-2.5	0.00254794
-11.5	-2	0.00105472
-11.5	-1.5	0.000367283
-11.5	-1	0.000107594
-11.5	-0.5	2.6515e-05
-11.5	0	5.49687e-06
-11.5	0.5	9.58647e-07
-11.5	1	1.40644e-07
-11.5	1.5	1.73582e-08
-11.5	2	1.80222e-09
-11.5	2.5	1.57409e-10
-11.5	3	1.15657e-11
-11.5	3.5	7.14877e-13
-11.5	4	3.71716e-14
-11.5	4.5	1.62597e-15
-11.5	5	5.98316e-17
-11.5	5.5	1.85212e-18
-11.5	6	4.82312e-20
-11.5	6.5	1.05659e-21
-11.5	7	1.94717e-23
-11.5	7.5	3.01871e-25
-11.5	8	3.93693e-27
-11.5	8.5	4.3193e-29
-11.5	9	3.98648e-31
-11.5	9.5	3.09517e-33
-11.5	10	2.02162e-35
-11	-10	8.53485e-07
-11	-9.5	4.94182e-06
-11	-9	2.40712e-05
-11	-8.5	9.86341e-05
-11	-8	0.000339998
-11	-7.5	0.000985928
-11	-7	0.0024051
-11	-6.5	0.00493562
-11	-6	0.00852058
-11	-5.5	0.0123742
-11	-5	0.0151176
-11	-4.5	0.0155371
-11	-4	0.013433
-11	-3.5	0.00977012
-11	-3	0.00597784
-11	-2.5	0.00307687
-11	-2	0.00133227
-11	-1.5	0.000485284
-11	-1	0.000148703
-11	-0.5	3.83319e-05
-11	0	8.31233e-06
-11	0.5	1.51637e-06
-11	1	2.32705e-07
-11	1.5	3.00417e-08
-11	2	3.26261e-09
-11	2.5	2.98074e-10
-11	3	2.29089e-11
-11	3.5	1.48116e-12
-11	4	8.05601e-14
-11	4.5	3.68602e-15
-11	5	1.41878e-16
-11	5.5	4.59401e-18
-11	6	1.25138e-19
-11	6.5	2.8675e-21
-11	7	5.52763e-23
-11	7.5	8.96383e-25
-11	8	1.22283e-26
-11	8.5	1.40334e-28
-11	9	1.3548e-30
-11	9.5	1.10029e-32
-11	10	7.51727e-35
-10.5	-10	5.16834e-07
-10.5	-9.5	3.13025e-06
-10.5	-9	1.59488e-05
-10.5	-8.5	6.83589e-05
-10.5	-8	0.00024648
-10.5	-7.5	0.000747634
-10.5	-7	0.00190772
-10.5	-6.5	0.00409506
-10.5	-6	0.00739479
-10.5	-5.5	0.0112334
-10.5	-5	0.0143554
-10.5	-4.5	0.0154326
-10.5	-4	0.0139567
-10.5	-3.5	0.0106181
-10.5	-3	0.00679559
-10.5	-2.5	0.00365872
-10.5	-2	0.00165711
-10.5	-1.5	0.000631381
-10.5	-1	0.000202373
-10.5	-0.5	5.45672e-05
-10.5	0	1.23775e-05
-10.5	0.5	2.36184e-06
-10.5	1	3.79131e-07
-10.5	1.5	5.11973e-08
-10.5	2	5.816e-09
-10.5	2.5	5.55804e-10
-10.5	3	4.46826e-11
-10.5	3.5	3.02186e-12
-10.5	4	1.71922e-13
-10.5	4.5	8.22822e-15
-10.5	5	3.31284e-16
-10.5	5.5	1.12206e-17
-10.5	6	3.19704e-19
-10.5	6.5	7.66306e-21
-10.5	7	1.54517e-22
-10.5	7.5	2.621e-24
-10.5	8	3.74007e-26
-10.5	8.5	4.48963e-28
-10.5	9	4.53379e-30
-10.5	9.5	3.85152e-32
-10.5	10	2.75247e-34
-10	-10	3.08183e-07
-10	-9.5	1.95242e-06
-10	-9	1.04054e-05
-10	-8.5	4.66514e-05
-10	-8	0.00017595
-10	-7.5	0.000558257
-10	-7	0.00149004
-10	-6.5	0.00334566
-10	-6	0.00631952
-10	-5.5	0.0100417
-10	-5	0.013423
-10	-4.5	0.0150942
-10	-4	0.0142788
-10	-3.5	0.011363
-10	-3	0.00760696
-10	-2.5	0.00428401
-10	-2	0.0020296
-10	-1.5	0.000808888
-10	-1	0.000271198
-10	-0.5	7.64899e-05
-10	0	1.81485e-05
-10	0.5	3.62241e-06
-10	1	6.08239e-07
-10	1.5	8.59152e-08
-10	2	1.02091e-08
-10	2.5	1.02052e-09
-10	3	8.58173e-11
-10	3.5	6.07084e-12
-10	4	3.61278e-13
-10	4.5	1.80865e-14
-10	5	7.61706e-16
-10	5.5	2.6986e-17
-10	6	8.04287e-19
-10	6.5	2.01652e-20
-10	7	4.25317e-22
-10	7.5	7.54645e-24
-10	8	1.1264e-25
-10	8.5	1.41436e-27
-10	9	1.494e-29
-10	9.5	1.32757e-31
-10	10	9.92398e-34
-9.5	-10	1.80953e-07
-9.5	-9.5	1.19914e-06
-9.5	-9	6.68488e-06
-9.5	-8.5	3.13499e-05
-9.5	-8	0.00012368
-9.5	-7.5	0.000410469
-9.5	-7	0.00114599
-9.5	-6.5	0.00269155
-9.5	-6	0.00531794
-9.5	-5.5	0.00883901
-9.5	-5	0.012359
-9.5	-4.5	0.0145373
-9.5	-4	0.0143847
-9.5	-3.5	0.011974
-9.5	-3	0.00838488
-9.5	-2.5	0.0049394
-9.5	-2	0.00244777
-9.5	-1.5	0.00102044
-9.5	-1	0.000357868
-9.5	-0.5	0.000105579
-9.5	0	2.62031e-05
-9.5	0.5	5.47076e-06
-9.5	1	9.60863e-07
-9.5	1.5	1.41969e-07
-9.5	2	1.76461e-08
-9.5	2.5	1.8451e-09
-9.5	3	1.62298e-10
-9.5	3.5	1.20095e-11
-9.5	4	7.47575e-13
-9.5	4.5	3.91476e-14
-9.5	5	1.72455e-15
-9.5	5.5	6.39095e-17
-9.5	6	1.99239e-18
-9.5	6.5	5.2252e-20
-9.5	7	1.15279e-21
-9.5	7.5	2.13953e-23
-9.5	8	3.34046e-25
-9.5	8.5	4.38746e-27
-9.5	9	4.84774e-29
-9.5	9.5	4.50594e-31
-9.5	10	3.52331e-33
-9	-10	1.04623e-07
-9	-9.5	7.25216e-07
-9	-9	4.22891e-06
-9	-8.5	2.07448e-05
-9	-8	8.56069e-05
-9	-7.5	0.000297186
-9	-7	0.000867896
-9	-6.5	0.00213219
-9	-6	0.00440661
-9	-5.5	0.0076613
-9	-5	0.0112052
-9	-4.5	0.0137866
-9	-4	0.0142696
-9	-3.5	0.0124248
-9	-3	0.00910089
-9	-2.5	0.00560788
-9	-2	0.00290692
-9	-1.5	0.00126761
-9	-1	0.000465008
-9	-0.5	0.0001435
-9	0	3.72534e-05
-9	0.5	8.13576e-06
-9	1	1.49468e-06
-9	1.5	2.31005e-07
-9	2	3.00339e-08
-9	2.5	3.28489e-09
-9	3	3.02239e-10
-9	3.5	2.33938e-11
-9	4	1.52324e-12
-9	4.5	8.34367e-14
-9	5	3.84472e-15
-9	5.5	1.49036e-16
-9	6	4.86003e-18
-9	6.5	1.33323e-19
-9	7	3.07675e-21
-9	7.5	5.97306e-23
-9	8	9.75488e-25
-9	8.5	1.34019e-26
-9	9	1.54893e-28
-9	9.5	1.50596e-30
-9	10	1.23173e-32
-8.5	-10	5.95644e-08
-8.5	-9.5	4.31883e-07
-8.5	-9	2.6343e-06
-8.5	-8.5	1.35171e-05
-8.5	-8	5.83473e-05
-8.5	-7.5	0.000211874
-8.5	-7	0.000647224
-8.5	-6.5	0.00166322
-8.5	-6	0.00359556
-8.5	-5.5	0.00653886
-8.5	-5	0.0100036
-8.5	-4.5	0.0128745
-8.5	-4	0.0139388
-8.5	-3.5	0.0126952
-8.5	-3	0.00972684
-8.5	-2.5	0.00626938
-8.5	-2	0.00339936
-8.5	-1.5	0.00155056
-8.5	-1	0.000594976
-8.5	-0.5	0.000192057
-8.5	0	5.21531e-05
-8.5	0.5	1.19138e-05
-8.5	1	2.28949e-06
-8.5	1.5	3.70125e-07
-8.5	2	5.03357e-08
-8.5	2.5	5.75869e-09
-8.5	3	5.54232e-10
-8.5	3.5	4.48723e-11
-8.5	4	3.05622e-12
-8.5	4.5	1.7511e-13
-8.5	5	8.44027e-15
-8.5	5.5	3.42232e-16
-8.5	6	1.16736e-17
-8.5	6.5	3.34973e-19
-8.5	7	8.08599e-21
-8.5	7.5	1.64201e-22
-8.5	8	2.80504e-24
-8.5	8.5	4.03108e-26
-8.5	9	4.8733e-28
-8.5	9.5	4.95615e-30
-8.5	10	4.24018e-32
-8	-10	3.33925e-08
-8	-9.5	2.53259e-07
-8	-9	1.61585e-06
-8	-8.5	8.67277e-06
-8	-8	3.91592e-05
-8	-7.5	0.00014874
-8	-7	0.000475273
-8	-6.5	0.00127755
-8	-6	0.00288889
-8	-5.5	0.00549545
-8	-5	0.00879419
-8	-4.5	0.0118388
-8	-4	0.0134073
-8	-3.5	0.0127729
-8	-3	0.0102367
-8	-2.5	0.00690163
-8	-2	0.00391437
-8	-1.5	0.00186763
-8	-1	0.000749617
-8	-0.5	0.000253109
-8	0	7.18945e-05
-8	0.5	1.71792e-05
-8	1	3.45327e-06
-8	1.5	5.83951e-07
-8	2	8.30697e-08
-8	2.5	9.94095e-09
-8	3	1.00077e-09
-8	3.5	8.47535e-11
-8	4	6.03812e-12
-8	4.5	3.61881e-13
-8	5	1.82452e-14
-8	5.5	7.7384e-16
-8	6	2.76104e-17
-8	6.5	8.28734e-19
-8	7	2.09255e-20
-8	7.5	4.44485e-22
-8	8	7.9425e-24
-8	8.5	1.19393e-25
-8	9	1.50979e-27
-8	9.5	1.60611e-29
-8	10	1.43732e-31
-7.5	-10	1.84337e-08
-7.5	-9.5	1.4624e-07
-7.5	-9	9.7598e-07
-7.5	-8.5	5.47942e-06
-7.5	-8	2.5879e-05
-7.5	-7.5	0.000102821
-7.5	-7	0.000343663
-7.5	-6.5	0.000966282
-7.5	-6	0.00228557
-7.5	-5.5	0.00454785
-7.5	-5	0.00761266
-7.5	-4.5	0.0107198
-7.5	-4	0.0126986
-7.5	-3.5	0.0126545
-7.5	-3	0.0106085
-7.5	-2.5	0.00748136
-7.5	-2	0.00443842
-7.5	-1.5	0.00221511
-7.5	-1	0.000929997
-7.5	-0.5	0.000328464
-7.5	0	9.75917e-05
-7.5	0.5	2.43926e-05
-7.5	1	5.12888e-06
-7.5	1.5	9.07208e-07
-7.5	2	1.34993e-07
-7.5	2.5	1.68979e-08
-7.5	3	1.77941e-09
-7.5	3.5	1.5763e-10
-7.5	4	1.17468e-11
-7.5	4.5	7.36413e-13
-7.5	5	3.88367e-14
-7.5	5.5	1.72299e-15
-7.5	6	6.43046e-17
-7.5	6.5	2.01893e-18
-7.5	7	5.33237e-20
-7.5	7.5	1.18478e-21
-7.5	8	2.21451e-23
-7.5	8.5	3.48205e-25
-7.5	9	4.60587e-27
-7.5	9.5	5.12517e-29
-7.5	10	4.7976e-31
-7	-10	1.00202e-08
-7	-9.5	8.31514e-08
-7	-9	5.80472e-07
-7	-8.5	3.40889e-06
-7	-8	1.68408e-05
-7	-7.5	6.99896e-05
-7	-7	0.000244694
-7	-6.5	0.000719669
-7	-6	0.00178058
-7	-5.5	0.00370604
-7	-5	0.006489
-7	-4.5	0.00955797
-7	-4	0.0118433
-7	-3.5	0.0123452
-7	-3	0.0108254
-7	-2.5	0.00798565
-7	-2	0.00495559
-7	-1.5	0.00258702
-7	-1	0.00113612
-7	-0.5	0.000419728
-7	0	0.000130446
-7	0.5	3.41047e-05
-7	1	7.50095e-06
-7	1.5	1.38784e-06
-7	2	2.16013e-07
-7	2.5	2.8284e-08
-7	3	3.11545e-09
-7	3.5	2.88682e-10
-7	4	2.2503e-11
-7	4.5	1.47563e-12
-7	5	8.14024e-14
-7	5.5	3.77759e-15
-7	6	1.47473e-16
-7	6.5	4.84317e-18
-7	7	1.33803e-19
-7	7.5	3.10973e-21
-7	8	6.07992e-23
-7	8.5	9.99985e-25
-7	9	1.38359e-26
-7	9.5	1.61043e-28
-7	10	1.57687e-30
-6.5	-10	5.36344e-09
-6.5	-9.5	4.65558e-08
-6.5	-9	3.39956e-07
-6.5	-8.5	2.0883e-06
-6.5	-8	1.07915e-05
-6.5	-7.5	4.69125e-05
-6.5	-7	0.00017156
-6.5	-6.5	0.000527792
-6.5	-6	0.00136593
-6.5	-5.5	0.00297383
-6.5	-5	0.00544654
-6.5	-4.5	0.00839163
-6.5	-4	0.0108765
-6.5	-3.5	0.0118592
-6.5	-3	0.0108777
-6.5	-2.5	0.00839348
-6.5	-2	0.00544835
-6.5	-1.5	0.00297514
-6.5	-1	0.00136669
-6.5	-0.5	0.000528141
-6.5	0	0.000171692
-6.5	0.5	4.69539e-05
-6.5	1	1.08022e-05
-6.5	1.5	2.0906e-06
-6.5	2	3.40369e-07
-6.5	2.5	4.66174e-08
-6.5	3	5.37114e-09
-6.5	3.5	5.206e-10
-6.5	4	4.24484e-11
-6.5	4.5	2.91164e-12
-6.5	5	1.68009e-13
-6.5	5.5	8.15548e-15
-6.5	6	3.33031e-16
-6.5	6.5	1.14404e-17
-6.5	7	3.30608e-19
-6.5	7.5	8.03725e-21
-6.5	8	1.64369e-22
-6.5	8.5	2.82783e-24
-6.5	9	4.09266e-26
-6.5	9.5	4.98285e-28
-6.5	10	5.10351e-30
-6	-10	2.82691e-09
-6	-9.5	2.56672e-08
-6	-9	1.9605e-07
-6	-8.5	1.25972e-06
-6	-8	6.80924e-06
-6	-7.5	3.09631e-05
-6	-7	0.000118443
-6	-6.5	0.000381149
-6	-6	0.00103181
-6	-5.5	0.00234975
-6	-5	0.00450159
-6	-4.5	0.00725485
-6	-4	0.00983582
-6	-3.5	0.0112179
-6	-3	0.010763
-6	-2.5	0.0086871
-6	-2	0.00589841
-6	-1.5	0.00336911
-6	-1	0.00161888
-6	-0.5	0.000654385
-6	0	0.000222522
-6	0.5	6.36547e-05
-6	1	1.53182e-05
-6	1.5	3.10102e-06
-6	2	5.28107e-07
-6	2.5	7.56585e-08
-6	3	9.11829e-09
-6	3.5	9.24461e-10
-6	4	7.88467e-11
-6	4.5	5.65715e-12
-6	5	3.41453e-13
-6	5.5	1.73374e-14
-6	6	7.40556e-16
-6	6.5	2.66103e-17
-6	7	8.04381e-19
-6	7.5	2.04547e-20
-6	8	4.37567e-22
-6	8.5	7.87436e-24
-6	9	1.19208e-25
-6	9.5	1.51815e-27
-6	10	1.62646e-29
-5.5	-10	1.46717e-09
-5.5	-9.5	1.39343e-08
-5.5	-9	1.1133e-07
-5.5	-8.5	7.48264e-07
-5.5	-8	4.23076e-06
-5.5	-7.5	2.01234e-05
-5.5	-7	8.05202e-05
-5.5	-6.5	0.000271036
-5.5	-6	0.000767483
-5.5	-5.5	0.00182823
-5.5	-5	0.00366363
-5.5	-4.5	0.00617606
-5.5	-4	0.00875854
-5.5	-3.5	0.0104489
-5.5	-3	0.0104865
-5.5	-2.5	0.00885338
-5.5	-2	0.00628792
-5.5	-1.5	0.00375686
-5.5	-1	0.00188826
-5.5	-0.5	0.000798396
-5.5	0	0.000283985
-5.5	0.5	8.49748e-05
-5.5	1	2.13897e-05
-5.5	1.5	4.5294e-06
-5.5	2	8.06854e-07
-5.5	2.5	1.20912e-07
-5.5	3	1.52427e-08
-5.5	3.5	1.6165e-09
-5.5	4	1.44214e-10
-5.5	4.5	1.08233e-11
-5.5	5	6.8333e-13
-5.5	5.5	3.62929e-14
-5.5	6	1.62156e-15
-5.5	6.5	6.09484e-17
-5.5	7	1.92713e-18
-5.5	7.5	5.12603e-20
-5.5	8	1.14702e-21
-5.5	8.5	2.15913e-23
-5.5	9	3.41905e-25
-5.5	9.5	4.55463e-27
-5.5	10	5.1041e-29
-5	-10	7.4981e-10
-5	-9.5	7.44893e-09
-5	-9	6.22524e-08
-5	-8.5	4.37661e-07
-5	-8	2.58845e-06
-5	-7.5	1.28784e-05
-5	-7	5.39015e-05
-5	-6.5	0.000189785
-5	-6	0.000562135
-5	-5.5	0.00140068
-5	-5	0.00293602
-5	-4.5	0.00517722
-5	-4	0.00767988
-5	-3.5	0.00958366
-5	-3	0.0100607
-5	-2.5	0.00888473
-5	-2	0.00660055
-5	-1.5	0.00412511
-5	-1	0.00216875
-5	-0.5	0.00095919
-5	0	0.000356877
-5	0.5	0.0001117
-5	1	2.94107e-05
-5	1.5	6.51444e-06
-5	2	1.21386e-06
-5	2.5	1.90275e-07
-5	3	2.50906e-08
-5	3.5	2.78332e-09
-5	4	2.59736e-10
-5	4.5	2.03902e-11
-5	5	1.34658e-12
-5	5.5	7.48101e-14
-5	6	3.4963e-15
-5	6.5	1.3746e-16
-5	7	4.54635e-18
-5	7.5	1.26494e-19
-5	8	2.96071e-21
-5	8.5	5.82965e-23
-5	9	9.65623e-25
-5	9.5	1.34553e-26
-5	10	1.57724e-28
-4.5	-10	3.77331e-10
-4.5	-9.5	3.92106e-09
-4.5	-9	3.42771e-08
-4.5	-8.5	2.52071e-07
-4.5	-8	1.55942e-06
-4.5	-7.5	8.11561e-06
-4.5	-7	3.55303e-05
-4.5	-6.5	0.000130857
-4.5	-6	0.000405428
-4.5	-5.5	0.0010567
-4.5	-5	0.0023169
-4.5	-4.5	0.00427349
-4.5	-4	0.00663099
-4.5	-3.5	0.00865552
-4.5	-3	0.00950446
-4.5	-2.5	0.00877973
-4.5	-2	0.00682268
-4.5	-1.5	0.00446013
-4.5	-1	0.00245279
-4.5	-0.5	0.00113473
-4.5	0	0.000441615
-4.5	0.5	0.000144582
-4.5	1	3.98204e-05
-4.5	1.5	9.22605e-06
-4.5	2	1.79823e-06
-4.5	2.5	2.94845e-07
-4.5	3	4.0669e-08
-4.5	3.5	4.71902e-09
-4.5	4	4.60637e-10
-4.5	4.5	3.78257e-11
-4.5	5	2.61296e-12
-4.5	5.5	1.51845e-13
-4.5	6	7.4231e-15
-4.5	6.5	3.05275e-16
-4.5	7	1.05613e-17
-4.5	7.5	3.07369e-19
-4.5	8	7.52531e-21
-4.5	8.5	1.54991e-22
-4.5	9	2.68541e-24
-4.5	9.5	3.91411e-26
-4.5	10	4.79927e-28
-4	-10	1.8698e-10
-4	-9.5	2.03242e-09
-4	-9	1.85846e-08
-4	-8.5	1.42958e-07
-4	-8	9.25095e-07
-4	-7.5	5.03596e-06
-4	-7	2.30621e-05
-4	-6.5	8.88451e-05
-4	-6	0.000287931
-4	-5.5	0.000784988
-4	-5	0.00180035
-4	-4.5	0.00347352
-4	-4	0.00563772
-4	-3.5	0.00769761
-4	-3	0.00884154
-4	-2.5	0.00854318
-4	-2	0.00694434
-4	-1.5	0.00474855
-4	-1	0.00273156
-4	-0.5	0.00132185
-4	0	0.000538109
-4	0.5	0.00018428
-4	1	5.30893e-05
-4	1.5	1.28663e-05
-4	2	2.62315e-06
-4	2.5	4.49893e-07
-4	3	6.49106e-08
-4	3.5	7.87847e-09
-4	4	8.04428e-10
-4	4.5	6.90959e-11
-4	5	4.99271e-12
-4	5.5	3.03487e-13
-4	6	1.5519e-14
-4	6.5	6.67586e-16
-4	7	2.41585e-17
-4	7.5	7.35448e-19
-4	8	1.88345e-20
-4	8.5	4.05765e-22
-4	9	7.35386e-24
-4	9.5	1.12118e-25
-4	10	1.43799e-27
-3.5	-10	9.1237e-11
-3.5	-9.5	1.03735e-09
-3.5	-9	9.92207e-09
-3.5	-8.5	7.98357e-08
-3.5	-8	5.40395e-07
-3.5	-7.5	3.07713e-06
-3.5	-7	1.474e-05
-3.5	-6.5	5.9398e-05
-3.5	-6	0.000201356
-3.5	-5.5	0.000574218
-3.5	-5	0.00137755
-3.5	-4.5	0.00278009
-3.5	-4	0.00471987
-3.5	-3.5	0.00674094
-3.5	-3	0.00809897
-3.5	-2.5	0.00818576
-3.5	-2	0.00695998
-3.5	-1.5	0.00497825
-3.5	-1	0.00299546
-3.5	-0.5	0.00151625
-3.5	0	0.000645652
-3.5	0.5	0.000231284
-3.5	1	6.96965e-05
-3.5	1.5	1.76684e-05
-3.5	2	3.76792e-06
-3.5	2.5	6.75967e-07
-3.5	3	1.02016e-07
-3.5	3.5	1.29519e-08
-3.5	4	1.3833e-09
-3.5	4.5	1.24285e-10
-3.5	5	9.3938e-12
-3.5	5.5	5.97287e-13
-3.5	6	3.1948e-14
-3.5	6.5	1.43756e-15
-3.5	7	5.44158e-17
-3.5	7.5	1.73279e-18
-3.5	8	4.64178e-20
-3.5	8.5	1.04603e-21
-3.5	9	1.98299e-23
-3.5	9.5	3.16242e-25
-3.5	10	4.24265e-27
-3	-10	4.38376e-11
-3	-9.5	5.21363e-10
-3	-9	5.21619e-09
-3	-8.5	4.39022e-08
-3	-8	3.10841e-07
-3	-7.5	1.85144e-06
-3	-7	9.27686e-06
-3	-6.5	3.91031e-05
-3	-6	0.000138657
-3	-5.5	0.000413611
-3	-5	0.00103791
-3	-4.5	0.00219104
-3	-4	0.00389097
-3	-3.5	0.00581281
-3	-3	0.00730522
-3	-2.5	0.00772325
-3	-2	0.00686889
-3	-1.5	0.00513917
-3	-1	0.00323458
-3	-0.5	0.00171263
-3	0	0.00076283
-3	0.5	0.000285833
-3	1	9.00981e-05
-3	1.5	2.38912e-05
-3	2	5.32944e-06
-3	2.5	1.0001e-06
-3	3	1.57879e-07
-3	3.5	2.09665e-08
-3	4	2.34233e-09
-3	4.5	2.20134e-10
-3	5	1.74039e-11
-3	5.5	1.15752e-12
-3	6	6.47628e-14
-3	6.5	3.0482e-15
-3	7	1.20693e-16
-3	7.5	4.02012e-18
-3	8	1.12646e-19
-3	8.5	2.6553e-21
-3	9	5.26537e-23
-3	9.5	8.78344e-25
-3	10	1.23259e-26
-2.5	-10	2.07407e-11
-2.5	-9.5	2.58021e-10
-2.5	-9	2.70026e-09
-2.5	-8.5	2.37726e-08
-2.5	-8	1.76062e-07
-2.5	-7.5	1.09692e-06
-2.5	-7	5.74916e-06
-2.5	-6.5	2.53485e-05
-2.5	-6	9.40201e-05
-2.5	-5.5	0.000293365
-2.5	-5	0.000770043
-2.5	-4.5	0.00170036
-2.5	-4	0.00315855
-2.5	-3.5	0.00493575
-2.5	-3	0.00648841
-2.5	-2.5	0.00717534
-2.5	-2	0.00667524
-2.5	-1.5	0.00522409
-2.5	-1	0.00343933
-2.5	-0.5	0.00190483
-2.5	0	0.00088748
-2.5	0.5	0.000347841
-2.5	1	0.000114689
-2.5	1.5	3.18114e-05
-2.5	2	7.42271e-06
-2.5	2.5	1.45701e-06
-2.5	3	2.40592e-07
-2.5	3.5	3.34211e-08
-2.5	4	3.90552e-09
-2.5	4.5	3.83935e-10
-2.5	5	3.17508e-11
-2.5	5.5	2.20888e-12
-2.5	6	1.29273e-13
-2.5	6.5	6.3645e-15
-2.5	7	2.63597e-16
-2.5	7.5	9.18407e-18
-2.5	8	2.69184e-19
-2.5	8.5	6.63719e-21
-2.5	9	1.37669e-22
-2.5	9.5	2.40221e-24
-2.5	10	3.52617e-26
-2	-10	9.6628e-12
-2	-9.5	1.25739e-10
-2	-9	1.37645e-09
-2	-8.5	1.26756e-08
-2	-8	9.81964e-08
-2	-7.5	6.39945e-07
-2	-7	3.5084e-06
-2	-6.5	1.61806e-05
-2	-6	6.2777e-05
-2	-5.5	0.000204892
-2	-5	0.000562562
-2	-4.5	0.00129937
-2	-4	0.00252475
-2	-3.5	0.00412688
-2	-3	0.00567472
-2	-2.5	0.00656427
-2	-2	0.00638775
-2	-1.5	0.00522913
-2	-1	0.00360106
-2	-0.5	0.00208617
-2	0	0.00101669
-2	0.5	0.000416821
-2	1	0.000143757
-2	1.5	4.17088e-05
-2	2	1.01799e-05
-2	2.5	2.09018e-06
-2	3	3.61027e-07
-2	3.5	5.24586e-08
-2	4	6.41228e-09
-2	4.5	6.59369e-10
-2	5	5.70379e-11
-2	5.5	4.15067e-12
-2	6	2.54093e-13
-2	6.5	1.30854e-14
-2	7	5.66891e-16
-2	7.5	2.06601e-17
-2	8	6.33409e-19
-2	8.5	1.63364e-20
-2	9	3.54444e-22
-2	9.5	6.46932e-24
-2	10	9.9332e-26
-1.5	-10	4.43285e-12
-1.5	-9.5	6.03378e-11
-1.5	-9	6.90901e-10
-1.5	-8.5	6.6552e-09
-1.5	-8	5.39295e-08
-1.5	-7.5	3.6763e-07
-1.5	-7	2.10822e-06
-1.5	-6.5	1.01704e-05
-1.5	-6	4.12745e-05
-1.5	-5.5	0.000140911
-1.5	-5	0.000404694
-1.5	-4.5	0.000977752
-1.5	-4	0.00198724
-1.5	-3.5	0.00339775
-1.5	-3	0.0048871
-1.5	-2.5	0.00591332
-1.5	-2	0.00601909
-1.5	-1.5	0.00515407
-1.5	-1	0.00371269
-1.5	-0.5	0.00224981
-1.5	0	0.0011469
-1.5	0.5	0.000491837
-1.5	1	0.000177434
-1.5	1.5	5.38485e-05
-1.5	2	1.37477e-05
-1.5	2.5	2.9526e-06
-1.5	3	5.33457e-07
-1.5	3.5	8.108e-08
-1.5	4	1.03669e-08
-1.5	4.5	1.11507e-09
-1.5	5	1.00896e-10
-1.5	5.5	7.68008e-12
-1.5	6	4.91788e-13
-1.5	6.5	2.64917e-14
-1.5	7	1.20049e-15
-1.5	7.5	4.57647e-17
-1.5	8	1.46764e-18
-1.5	8.5	3.95941e-20
-1.5	9	8.98585e-22
-1.5	9.5	1.71557e-23
-1.5	10	2.75535e-25
-1	-10	2.00246e-12
-1	-9.5	2.85107e-11
-1	-9	3.41486e-10
-1	-8.5	3.44077e-09
-1	-8	2.91648e-08
-1	-7.5	2.0796e-07
-1	-7	1.24745e-06
-1	-6.5	6.29483e-06
-1	-6	2.67217e-05
-1	-5.5	9.54257e-05
-1	-5	0.000286672
-1	-4.5	0.000724477
-1	-4	0.00154022
-1	-3.5	0.00275462
-1	-3	0.00414439
-1	-2.5	0.00524539
-1	-2	0.0055849
-1	-1.5	0.00500232
-1	-1	0.00376919
-1	-0.5	0.00238915
-1	0	0.00127397
-1	0.5	0.00057147
-1	1	0.000215649
-1	1.5	6.84576e-05
-1	2	1.82816e-05
-1	2.5	4.10703e-06
-1	3	7.76176e-07
-1	3.5	1.23399e-07
-1	4	1.65038e-08
-1	4.5	1.85684e-09
-1	5	1.75746e-10
-1	5.5	1.39931e-11
-1	6	9.3727e-13
-1	6.5	5.28122e-14
-1	7	2.50336e-15
-1	7.5	9.9823e-17
-1	8	3.34856e-18
-1	8.5	9.44943e-20
-1	9	2.24322e-21
-1	9.5	4.4798e-23
-1	10	7.526e-25
-0.5	-10	8.90732e-13
-0.5	-9.5	1.32657e-11
-0.5	-9	1.662e-10
-0.5	-8.5	1.75167e-09
-0.5	-8	1.55307e-08
-0.5	-7.5	1.15838e-07
-0.5	-7	7.26828e-07
-0.5	-6.5	3.83646e-06
-0.5	-6	1.70353e-05
-0.5	-5.5	6.36337e-05
-0.5	-5	0.000199961
-0.5	-4.5	0.000528594
-0.5	-4	0.00117549
-0.5	-3.5	0.00219905
-0.5	-3	0.00346075
-0.5	-2.5	0.00458169
-0.5	-2	0.00510271
-0.5	-1.5	0.00478074
-0.5	-1	0.00376798
-0.5	-0.5	0.00249829
-0.5	0	0.00139346
-0.5	0.5	0.000653834
-0.5	1	0.000258083
-0.5	1.5	8.5698e-05
-0.5	2	2.39388e-05
-0.5	2.5	5.62539e-06
-0.5	3	1.11205e-06
-0.5	3.5	1.84932e-07
-0.5	4	2.58715e-08
-0.5	4.5	3.04474e-09
-0.5	5	3.01438e-10
-0.5	5.5	2.51053e-11
-0.5	6	1.75895e-12
-0.5	6.5	1.03672e-13
-0.5	7	5.14027e-15
-0.5	7.5	2.14404e-16
-0.5	8	7.52311e-18
-0.5	8.5	2.22066e-19
-0.5	9	5.51425e-21
-0.5	9.5	1.15189e-22
-0.5	10	2.0242e-24
0	-10	3.9015e-13
0	-9.5	6.07786e-12
0	-9	7.96508e-11
0	-8.5	8.78109e-10
0	-8	8.14379e-09
0	-7.5	6.35367e-08
0	-7	4.17005e-07
0	-6.5	2.30239e-06
0	-6	1.06939e-05
0	-5.5	4.1784e-05
0	-5	0.000137343
0	-4.5	0.00037977
0	-4	0.000883395
0	-3.5	0.00172866
0	-3	0.00284565
0	-2.5	0.00394072
0	-2	0.00459079
0	-1.5	0.00449904
0	-1	0.00370912
0	-0.5	0.00257242
0	0	0.00150083
0	0.5	0.000736619
0	1	0.000304139
0	1.5	0.000105638
0	2	3.08667e-05
0	2.5	7.58715e-06
0	3	1.56887e-06
0	3.5	2.72906e-07
0	4	3.99356e-08
0	4.5	4.91617e-09
0	5	5.09111e-10
0	5.5	4.43525e-11
0	6	3.25044e-12
0	6.5	2.00395e-13
0	7	1.03932e-14
0	7.5	4.53455e-16
0	8	1.66432e-17
0	8.5	5.13878e-19
0	9	1.33476e-20
0	9.5	2.91651e-22
0	10	5.36099e-24
0.5	-10	1.68274e-13
0.5	-9.5	2.74204e-12
0.5	-9	3.75881e-11
0.5	-8.5	4.33458e-10
0.5	-8	4.20497e-09
0.5	-7.5	3.43161e-08
0.5	-7	2.35588e-07
0.5	-6.5	1.36059e-06
0.5	-6	6.6103e-06
0.5	-5.5	2.70169e-05
0.5	-5	9.28898e-05
0.5	-4.5	0.000268671
0.5	-4	0.000653721
0.5	-3.5	0.00133809
0.5	-3	0.00230407
0.5	-2.5	0.00333753
0.5	-2	0.00406702
0.5	-1.5	0.00416913
0.5	-1	0.0035953
0.5	-0.5	0.00260821
0.5	0	0.00159174
0.5	0.5	0.000817183
0.5	1	0.000352928
0.5	1.5	0.000128225
0.5	2	3.91904e-05
0.5	2.5	1.00764e-05
0.5	3	2.17947e-06
0.5	3.5	3.96567e-07
0.5	4	6.07017e-08
0.5	4.5	7.81636e-09
0.5	5	8.46697e-10
0.5	5.5	7.71562e-11
0.5	6	5.91471e-12
0.5	6.5	3.81431e-13
0.5	7	2.06927e-14
0.5	7.5	9.44362e-16
0.5	8	3.62559e-17
0.5	8.5	1.17095e-18
0.5	9	3.18141e-20
0.5	9.5	7.27141e-22
0.5	10	1.3981e-23
1	-10	7.14667e-14
1	-9.5	1.21814e-12
1	-9	1.74668e-11
1	-8.5	2.10692e-10
1	-8	2.13796e-09
1	-7.5	1.82505e-08
1	-7	1.31059e-07
1	-6.5	7.91732e-07
1	-6	4.02355e-06
1	-5.5	1.72013e-05
1	-5	6.18631e-05
1	-4.5	0.000187164
1	-4	0.000476356
1	-3.5	0.00101991
1	-3	0.001837
1	-2.5	0.00278341
1	-2	0.00354785
1	-1.5	0.00380428
1	-1	0.00343162
1	-0.5	0.00260403
1	0	0.00166231
1	0.5	0.000892683
1	1	0.000403276
1	1.5	0.000153259
1	2	4.89971e-05
1	2.5	1.31775e-05
1	3	2.98138e-06
1	3.5	5.6744e-07
1	4	9.08536e-08
1	4.5	1.22372e-08
1	5	1.38658e-09
1	5.5	1.32168e-10
1	6	1.05981e-11
1	6.5	7.14901e-13
1	7	4.05681e-14
1	7.5	1.93662e-15
1	8	7.77718e-17
1	8.5	2.62736e-18
1	9	7.46685e-20
1	9.5	1.78515e-21
1	10	3.5903e-23
1.5	-10	2.98877e-14
1.5	-9.5	5.32874e-13
1.5	-9	7.99239e-12
1.5	-8.5	1.00844e-10
1.5	-8	1.07038e-09
1.5	-7.5	9.55763e-09
1.5	-7	7.17927e-08
1.5	-6.5	4.5366e-07
1.5	-6	2.41157e-06
1.5	-5.5	1.07842e-05
1.5	-5	4.05692e-05
1.5	-4.5	0.000128388
1.5	-4	0.0003418
1.5	-3.5	0.000765488
1.5	-3	0.0014422
1.5	-2.5	0.00228576
1.5	-2	0.00304759
1.5	-1.5	0.00341823
1.5	-1	0.00322527
1.5	-0.5	0.00256006
1.5	0	0.00170944
1.5	0.5	0.000960233
1.5	1	0.000453753
1.5	1.5	0.000180377
1.5	2	6.03203e-05
1.5	2.5	1.69693e-05
1.5	3	4.01592e-06
1.5	3.5	7.99513e-07
1.5	4	1.33901e-07
1.5	4.5	1.88653e-08
1.5	5	2.23596e-09
1.5	5.5	2.22937e-10
1.5	6	1.86991e-11
1.5	6.5	1.3194e-12
1.5	7	7.83166e-14
1.5	7.5	3.91066e-15
1.5	8	1.64273e-16
1.5	8.5	5.805e-18
1.5	9	1.72567e-19
1.5	9.5	4.31551e-21
1.5	10	9.07875e-23
2	-10	1.23078e-14
2	-9.5	2.29537e-13
2	-9	3.60115e-12
2	-8.5	4.75282e-11
2	-8	5.27691e-10
2	-7.5	4.92865e-09
2	-7	3.87254e-08
2	-6.5	2.55967e-07
2	-6	1.42328e-06
2	-5.5	6.65759e-06
2	-5	2.61977e-05
2	-4.5	8.67218e-05
2	-4	0.000241498
2	-3.5	0.000565741
2	-3	0.00111492
2	-2.5	0.00184836
2	-2	0.0025778
2	-1.5	0.00302435
2	-1	0.00298493
2	-0.5	0.00247831
2	0	0.001731
2	0.5	0.00101709
2	1	0.000502733
2	1.5	0.000209044
2	2	7.31235e-05
2	2.5	2.15177e-05
2	3	5.32665e-06
2	3.5	1.10926e-06
2	4	1.94325e-07
2	4.5	2.86383e-08
2	5	3.55045e-09
2	5.5	3.70288e-10
2	6	3.24874e-11
2	6.5	2.39778e-12
2	7	1.48876e-13
2	7.5	7.77604e-15
2	8	3.41674e-16
2	8.5	1.26295e-17
2	9	3.92716e-19
2	9.5	1.02728e-20
2	10	2.26059e-22
2.5	-10	4.99083e-15
2.5	-9.5	9.736e-14
2.5	-9	1.59775e-12
2.5	-8.5	2.20574e-11
2.5	-8	2.56166e-10
2.5	-7.5	2.50269e-09
2.5	-7	2.0569e-08
2.5	-6.5	1.42213e-07
2.5	-6	8.27147e-07
2.5	-5.5	4.04713e-06
2.5	-5	1.66583e-05
2.5	-4.5	5.76811e-05
2.5	-4	0.000168018
2.5	-3.5	0.000411717
2.5	-3	0.000848712
2.5	-2.5	0.00147178
2.5	-2	0.00214705
2.5	-1.5	0.00263489
2.5	-1	0.00272021
2.5	-0.5	0.00236245
2.5	0	0.001726
2.5	0.5	0.00106081
2.5	1	0.000548476
2.5	1.5	0.000238559
2.5	2	8.72875e-05
2.5	2.5	2.68676e-05
2.5	3	6.95704e-06
2.5	3.5	1.51545e-06
2.5	4	2.777e-07
2.5	4.5	4.28085e-08
2.5	5	5.55142e-09
2.5	5.5	6.05617e-10
2.5	6	5.55791e-11
2.5	6.5	4.29086e-12
2.5	7	2.78674e-13
2.5	7.5	1.52254e-14
2.5	8	6.99777e-16
2.5	8.5	2.70564e-17
2.5	9	8.80037e-19
2.5	9.5	2.40797e-20
2.5	10	5.54269e-22
3	-10	1.99281e-15
3	-9.5	4.06641e-14
3	-9	6.98033e-13
3	-8.5	1.008e-11
3	-8	1.22452e-10
3	-7.5	1.25138e-09
3	-7	1.0758e-08
3	-6.5	7.78026e-08
3	-6	4.73344e-07
3	-5.5	2.42258e-06
3	-5	1.04304e-05
3	-4.5	3.77781e-05
3	-4	0.000115107
3	-3.5	0.00029504
3	-3	0.00063618
3	-2.5	0.00115398
3	-2	0.00176091
3	-1.5	0.00226045
3	-1	0.00244103
3	-0.5	0.00221753
3	0	0.00169468
3	0.5	0.00108949
3	1	0.000589222
3	1.5	0.000268073
3	2	0.0001026
3	2.5	3.30341e-05
3	3	8.94739e-06
3	3.5	2.03868e-06
3	4	3.90771e-07
3	4.5	6.30108e-08
3	5	8.54726e-09
3	5.5	9.75345e-10
3	6	9.36287e-11
3	6.5	7.561e-12
3	7	5.13653e-13
3	7.5	2.93548e-14
3	8	1.41126e-15
3	8.5	5.70764e-17
3	9	1.94189e-18
3	9.5	5.55792e-20
3	10	1.33819e-21
3.5	-10	7.83536e-16
3.5	-9.5	1.67241e-14
3.5	-9	3.00293e-13
3.5	-8.5	4.53594e-12
3.5	-8	5.7638e-11
3.5	-7.5	6.16127e-10
3.5	-7	5.54053e-09
3.5	-6.5	4.19133e-08
3.5	-6	2.6673e-07
3.5	-5.5	1.42794e-06
3.5	-5	6.43088e-06
3.5	-4.5	2.4364e-05
3.5	-4	7.76509e-05
3.5	-3.5	0.000208192
3.5	-3	0.000469571
3.5	-2.5	0.00089096
3.5	-2	0.00142211
3.5	-1.5	0.00190954
3.5	-1	0.00215697
3.5	-0.5	0.00204965
3.5	0	0.00163845
3.5	0.5	0.00110181
3.5	1	0.000623306
3.5	1.5	0.000296629
3.5	2	0.000118753
3.5	2.5	3.99943e-05
3.5	3	1.1331e-05
3.5	3.5	2.7006e-06
3.5	4	5.41466e-07
3.5	4.5	9.13274e-08
3.5	5	1.29584e-08
3.5	5.5	1.54675e-09
3.5	6	1.55313e-10
3.5	6.5	1.31195e-11
3.5	7	9.32275e-13
3.5	7.5	5.57303e-14
3.5	8	2.80258e-15
3.5	8.5	1.18562e-16
3.5	9	4.21939e-18
3.5	9.5	1.26321e-19
3.5	10	3.18141e-21
4	-10	3.03357e-16
4	-9.5	6.77291e-15
4	-9	1.27208e-13
4	-8.5	2.0099e-12
4	-8	2.6715e-11
4	-7.5	2.98713e-10
4	-7	2.80978e-09
4	-6.5	2.22336e-08
4	-6	1.48002e-07
4	-5.5	8.28792e-07
4	-5	3.90429e-06
4	-4.5	1.54724e-05
4	-4	5.15815e-05
4	-3.5	0.00014466
4	-3	0.00034129
4	-2.5	0.000677358
4	-2	0.00113092
4	-1.5	0.00158842
4	-1	0.0018768
4	-0.5	0.00186548
4	0	0.00155985
4	0.5	0.00109722
4	1	0.00064927
4	1.5	0.000323203
4	2	0.000135346
4	2.5	4.76799e-05
4	3	1.41301e-05
4	3.5	3.52268e-06
4	4	7.3879e-07
4	4.5	1.30343e-07
4	5	1.93453e-08
4	5.5	2.41536e-09
4	6	2.53693e-10
4	6.5	2.24158e-11
4	7	1.66617e-12
4	7.5	1.04185e-13
4	8	5.48036e-15
4	8.5	2.42512e-16
4	9	9.02769e-18
4	9.5	2.82709e-19
4	10	7.44769e-21
4.5	-10	1.15651e-16
4.5	-9.5	2.7009e-15
4.5	-9	5.30625e-14
4.5	-8.5	8.76971e-13
4.5	-8	1.21928e-11
4.5	-7.5	1.42606e-10
4.5	-7	1.40312e-09
4.5	-6.5	1.16137e-08
4.5	-6	8.0866e-08
4.5	-5.5	4.73675e-07
4.5	-5	2.33408e-06
4.5	-4.5	9.6754e-06
4.5	-4	3.37398e-05
4.5	-3.5	9.89772e-05
4.5	-3	0.000244257
4.5	-2.5	0.000507084
4.5	-2	0.000885587
4.5	-1.5	0.00130107
4.5	-1	0.00160803
4.5	-0.5	0.00167187
4.5	0	0.00146229
4.5	0.5	0.00107592
4.5	1	0.000665963
4.5	1.5	0.000346768
4.5	2	0.000151896
4.5	2.5	5.59723e-05
4.5	3	1.73508e-05
4.5	3.5	4.52467e-06
4.5	4	9.92595e-07
4.5	4.5	1.8318e-07
4.5	5	2.84382e-08
4.5	5.5	3.71404e-09
4.5	6	4.08048e-10
4.5	6.5	3.77133e-11
4.5	7	2.93222e-12
4.5	7.5	1.91787e-13
4.5	8	1.05527e-14
4.5	8.5	4.88454e-16
4.5	9	1.90197e-17
4.5	9.5	6.23024e-19
4.5	10	1.71682e-20
5	-10	4.34159e-17
5	-9.5	1.06058e-15
5	-9	2.17952e-14
5	-8.5	3.76787e-13
5	-8	5.47962e-12
5	-7.5	6.70386e-11
5	-7	6.89952e-10
5	-6.5	5.97355e-09
5	-6	4.35076e-08
5	-5.5	2.66574e-07
5	-5	1.37401e-06
5	-4.5	5.95774e-06
5	-4	2.17316e-05
5	-3.5	6.66842e-05
5	-3	0.000172137
5	-2.5	0.000373803
5	-2	0.00068286
5	-1.5	0.0010494
5	-1	0.00135665
5	-0.5	0.00147542
5	0	0.00134984
5	0.5	0.00103889
5	1	0.000672631
5	1.5	0.000366356
5	2	0.00016786
5	2.5	6.47013e-05
5	3	2.09796e-05
5	3.5	5.72271e-06
5	4	1.31318e-06
5	4.5	2.53494e-07
5	5	4.11652e-08
5	5.5	5.62358e-09
5	6	6.4627e-10
5	6.5	6.24792e-11
5	7	5.08131e-12
5	7.5	3.47645e-13
5	8	2.00086e-14
5	8.5	9.68757e-16
5	9	3.94579e-17
5	9.5	1.35199e-18
5	10	3.897e-20
5.5	-10	1.6049e-17
5.5	-9.5	4.10092e-16
5.5	-9	8.81526e-15
5.5	-8.5	1.59407e-13
5.5	-8	2.42494e-12
5.5	-7.5	3.10322e-11
5.5	-7	3.34075e-10
5.5	-6.5	3.02549e-09
5.5	-6	2.30497e-08
5.5	-5.5	1.47726e-07
5.5	-5	7.96463e-07
5.5	-4.5	3.61239e-06
5.5	-4	1.3783e-05
5.5	-3.5	4.42397e-05
5.5	-3	0.000119454
5.5	-2.5	0.000271336
5.5	-2	0.000518482
5.5	-1.5	0.000833451
5.5	-1	0.00112706
5.5	-0.5	0.00128213
5.5	0	0.00122698
5.5	0.5	0.000987782
5.5	1	0.000668967
5.5	1.5	0.000381126
5.5	2	0.000182663
5.5	2.5	7.36468e-05
5.5	3	2.49791e-05
5.5	3.5	7.12718e-06
5.5	4	1.71072e-06
5.5	4.5	3.4543e-07
5.5	5	5.86759e-08
5.5	5.5	8.38455e-09
5.5	6	1.0079e-09
5.5	6.5	1.01924e-10
5.5	7	8.67073e-12
5.5	7.5	6.20517e-13
5.5	8	3.73569e-14
5.5	8.5	1.89194e-15
5.5	9	8.06055e-17
5.5	9.5	2.88895e-18
5.5	10	8.71036e-20
6	-10	5.84182e-18
6	-9.5	1.56142e-16
6	-9	3.51084e-15
6	-8.5	6.64082e-14
6	-8	1.0567e-12
6	-7.5	1.4145e-11
6	-7	1.59284e-10
6	-6.5	1.5089e-09
6	-6	1.20245e-08
6	-5.5	8.06113e-08
6	-5	4.54614e-07
6	-4.5	2.1568e-06
6	-4	8.60788e-06
6	-3.5	2.89003e-05
6	-3	8.16259e-05
6	-2.5	0.000193942
6	-2	0.000387648
6	-1.5	0.00065181
6	-1	0.000921987
6	-0.5	0.0010971
6	0	0.00109822
6	0.5	0.00092481
6	1	0.00065514
6	1.5	0.000390423
6	2	0.000195729
6	2.5	8.25461e-05
6	3	2.92857e-05
6	3.5	8.74048e-06
6	4	2.19449e-06
6	4.5	4.63503e-07
6	5	8.23551e-08
6	5.5	1.23097e-08
6	6	1.54784e-09
6	6.5	1.63727e-10
6	7	1.45693e-11
6	7.5	1.09062e-12
6	8	6.86796e-14
6	8.5	3.63833e-15
6	9	1.62142e-16
6	9.5	6.07869e-18
6	10	1.91709e-19
6.5	-10	2.09387e-18
6.5	-9.5	5.85409e-17
6.5	-9	1.37686e-15
6.5	-8.5	2.72419e-14
6.5	-8	4.53424e-13
6.5	-7.5	6.34881e-12
6.5	-7	7.47823e-11
6.5	-6.5	7.41012e-10
6.5	-6	6.17691e-09
6.5	-5.5	4.33148e-08
6.5	-5	2.55518e-07
6.5	-4.5	1.26802e-06
6.5	-4	5.29359e-06
6.5	-3.5	1.85906e-05
6.5	-3	5.49234e-05
6.5	-2.5	0.000136502
6.5	-2	0.000285392
6.5	-1.5	0.000501954
6.5	-1	0.000742685
6.5	-0.5	0.000924412
6.5	0	0.000967934
6.5	0.5	0.000852601
6.5	1	0.000631779
6.5	1.5	0.000393826
6.5	2	0.00020652
6.5	2.5	9.11046e-05
6.5	3	3.38094e-05
6.5	3.5	1.05549e-05
6.5	4	2.77199e-06
6.5	4.5	6.12417e-07
6.5	5	1.13821e-07
6.5	5.5	1.77958e-08
6.5	6	2.34063e-09
6.5	6.5	2.5898e-10
6.5	7	2.41057e-11
6.5	7.5	1.88753e-12
6.5	8	1.24333e-13
6.5	8.5	6.88967e-15
6.5	9	3.21166e-16
6.5	9.5	1.25945e-17
6.5	10	4.15482e-19
7	-10	7.39016e-19
7	-9.5	2.16123e-17
7	-9	5.31701e-16
7	-8.5	1.10041e-14
7	-8	1.91584e-13
7	-7.5	2.80597e-12
7	-7	3.45723e-11
7	-6.5	3.58338e-10
7	-6	3.12447e-09
7	-5.5	2.29181e-08
7	-5	1.41417e-07
7	-4.5	7.34081e-07
7	-4	3.20557e-06
7	-3.5	1.17757e-05
7	-3	3.63905e-05
7	-2.5	9.46037e-05
7	-2	0.000206894
7	-1.5	0.000380634
7	-1	0.000589096
7	-0.5	0.000766981
7	0	0.000840045
7	0.5	0.000773998
7	1	0.000599925
7	1.5	0.000391177
7	2	0.00021457
7	2.5	9.90114e-05
7	3	3.84344e-05
7	3.5	1.25509e-05
7	4	3.44786e-06
7	4.5	7.96788e-07
7	5	1.54902e-07
7	5.5	2.53331e-08
7	6	3.48531e-09
7	6.5	4.03379e-10
7	7	3.92739e-11
7	7.5	3.21673e-12
7	8	2.21639e-13
7	8.5	1.28468e-14
7	9	6.26419e-16
7	9.5	2.56953e-17
7	10	8.8667e-19
7.5	-10	2.56838e-19
7.5	-9.5	7.85675e-18
7.5	-9	2.02184e-16
7.5	-8.5	4.37694e-15
7.5	-8	7.97102e-14
7.5	-7.5	1.22117e-12
7.5	-7	1.57383e-11
7.5	-6.5	1.70632e-10
7.5	-6	1.55626e-09
7.5	-5.5	1.19405e-08
7.5	-5	7.70696e-08
7.5	-4.5	4.18469e-07
7.5	-4	1.91145e-06
7.5	-3.5	7.34483e-06
7.5	-3	2.37421e-05
7.5	-2.5	6.45621e-05
7.5	-2	0.000147691
7.5	-1.5	0.000284219
7.5	-1	0.000460118
7.5	-0.5	0.000626621
7.5	0	0.000717895
7.5	0.5	0.000691888
7.5	1	0.000560958
7.5	1.5	0.0003826
7.5	2	0.000219522
7.5	2.5	0.000105958
7.5	3	4.30234e-05
7.5	3.5	1.46959e-05
7.5	4	4.22288e-06
7.5	4.5	1.0208e-06
7.5	5	2.07583e-07
7.5	5.5	3.55109e-08
7.5	6	5.11036e-09
7.5	6.5	6.18672e-10
7.5	7	6.30071e-11
7.5	7.5	5.39807e-12
7.5	8	3.89051e-13
7.5	8.5	2.35881e-14
7.5	9	1.2031e-15
7.5	9.5	5.16211e-17
7.5	10	1.86326e-18
8	-10	8.78951e-20
8	-9.5	2.81246e-18
8	-9	7.57057e-17
8	-8.5	1.71431e-15
8	-8	3.26566e-14
8	-7.5	5.23325e-13
8	-7	7.05491e-12
8	-6.5	8.00075e-11
8	-6	7.6329e-10
8	-5.5	6.12587e-09
8	-5	4.13586e-08
8	-4.5	2.349e-07
8	-4	1.12233e-06
8	-3.5	4.51105e-06
8	-3	1.52529e-05
8	-2.5	4.33859e-05
8	-2	0.000103816
8	-1.5	0.000208977
8	-1	0.000353878
8	-0.5	0.000504112
8	0	0.000604116
8	0.5	0.000609022
8	1	0.000516494
8	1.5	0.000368483
8	2	0.000221151
8	2.5	0.000111655
8	3	4.74231e-05
8	3.5	1.69442e-05
8	4	5.09295e-06
8	4.5	1.28777e-06
8	5	2.73922e-07
8	5.5	4.90157e-08
8	6	7.37841e-09
8	6.5	9.34351e-10
8	7	9.95352e-11
8	7.5	8.91996e-12
8	8	6.72463e-13
8	8.5	4.26475e-14
8	9	2.2753e-15
8	9.5	1.02118e-16
8	10	3.85555e-18
8.5	-10	2.96191e-20
8.5	-9.5	9.91362e-19
8.5	-9	2.79133e-17
8.5	-8.5	6.61166e-16
8.5	-8	1.31743e-14
8.5	-7.5	2.20835e-13
8.5	-7	3.11404e-12
8.5	-6.5	3.69404e-11
8.5	-6	3.68637e-10
8.5	-5.5	3.09467e-09
8.5	-5	2.1855e-08
8.5	-4.5	1.29839e-07
8.5	-4	6.48904e-07
8.5	-3.5	2.72819e-06
8.5	-3	9.64913e-06
8.5	-2.5	2.87092e-05
8.5	-2	7.18579e-05
8.5	-1.5	0.000151303
8.5	-1	0.000268002
8.5	-0.5	0.000399347
8.5	0	0.000500589
8.5	0.5	0.000527876
8.5	1	0.000468276
8.5	1.5	0.000349455
8.5	2	0.000219382
8.5	2.5	0.000115859
8.5	3	5.14727e-05
8.5	3.5	1.92373e-05
8.5	4	6.04828e-06
8.5	4.5	1.5997e-06
8.5	5	3.5593e-07
8.5	5.5	6.66209e-08
8.5	6	1.049e-08
8.5	6.5	1.38951e-09
8.5	7	1.54833e-10
8.5	7.5	1.45141e-11
8.5	8	1.14454e-12
8.5	8.5	7.59268e-14
8.5	9	4.23719e-15
8.5	9.5	1.9892e-16
8.5	10	7.85599e-18
9	-10	9.82836e-21
9	-9.5	3.44095e-19
9	-9	1.01343e-17
9	-8.5	2.51092e-16
9	-8	5.23346e-15
9	-7.5	9.17623e-14
9	-7	1.3535e-12
9	-6.5	1.67948e-11
9	-6	1.75311e-10
9	-5.5	1.53944e-09
9	-5	1.1372e-08
9	-4.5	7.0669e-08
9	-4	3.69438e-07
9	-3.5	1.6247e-06
9	-3	6.01069e-06
9	-2.5	1.87066e-05
9	-2	4.89763e-05
9	-1.5	0.000107869
9	-1	0.00019986
9	-0.5	0.000311512
9	0	0.000408454
9	0.5	0.000450538
9	1	0.000418061
9	1.5	0.000326337
9	2	0.000214296
9	2.5	0.00011838
9	3	5.5013e-05
9	3.5	2.15065e-05
9	4	7.07286e-06
9	4.5	1.95677e-06
9	5	4.55411e-07
9	5.5	8.91635e-08
9	6	1.46855e-08
9	6.5	2.03476e-09
9	7	2.37167e-10
9	7.5	2.3255e-11
9	8	1.91821e-12
9	8.5	1.33106e-13
9	9	7.76994e-15
9	9.5	3.81555e-16
9	10	1.57622e-17
9.5	-10	3.21138e-21
9.5	-9.5	1.17605e-19
9.5	-9	3.62311e-18
9.5	-8.5	9.38979e-17
9.5	-8	2.04715e-15
9.5	-7.5	3.75459e-14
9.5	-7	5.7929e-13
9.5	-6.5	7.5188e-12
9.5	-6	8.20957e-11
9.5	-5.5	7.5407e-10
9.5	-5	5.8267e-09
9.5	-4.5	3.78751e-08
9.5	-4	2.07111e-07
9.5	-3.5	9.52737e-07
9.5	-3	3.68691e-06
9.5	-2.5	1.20025e-05
9.5	-2	3.28699e-05
9.5	-1.5	7.57263e-05
9.5	-1	0.000146762
9.5	-0.5	0.000239277
9.5	0	0.000328176
9.5	0.5	0.000378646
9.5	1	0.000367518
9.5	1.5	0.000300084
9.5	2	0.000206123
9.5	2.5	0.000119105
9.5	3	5.78968e-05
9.5	3.5	2.36754e-05
9.5	4	8.14442e-06
9.5	4.5	2.35691e-06
9.5	5	5.73778e-07
9.5	5.5	1.17507e-07
9.5	6	2.02444e-08
9.5	6.5	2.93404e-09
9.5	7	3.57722e-10
9.5	7.5	3.66897e-11
9.5	8	3.16565e-12
9.5	8.5	2.29774e-13
9.5	9	1.40301e-14
9.5	9.5	7.2067e-16
9.5	10	3.11411e-17
10	-10	1.03324e-21
10	-9.5	3.958e-20
10	-9	1.27546e-18
10	-8.5	3.45764e-17
10	-8	7.88518e-16
10	-7.5	1.51274e-14
10	-7	2.44137e-13
10	-6.5	3.31454e-12
10	-6	3.78559e-11
10	-5.5	3.63716e-10
10	-5	2.93975e-09
10	-4.5	1.99885e-08
10	-4	1.14332e-07
10	-3.5	5.50141e-07
10	-3	2.2269e-06
10	-2.5	7.58311e-06
10	-2	2.17227e-05
10	-1.5	5.23478e-05
10	-1	0.000106122
10	-0.5	0.000180979
10	0	0.00025964
10	0.5	0.000313354
10	1	0.00031814
10	1.5	0.00027172
10	2	0.000195228
10	2.5	0.000118001
10	3	5.99992e-05
10	3.5	2.56641e-05
10	4	9.23478e-06
10	4.5	2.79542e-06
10	5	7.11845e-07
10	5.5	1.52491e-07
10	6	2.74804e-08
10	6.5	4.16601e-09
10	7	5.31298e-10
10	7.5	5.7e-11
10	8	5.14436e-12
10	8.5	3.90577e-13
10	9	2.49461e-14
10	9.5	1.34035e-15
10	10	6.05832e-17
10.5	-10	3.27353e-22
10.5	-9.5	1.31168e-20
10.5	-9	4.42137e-19
10.5	-8.5	1.25374e-17
10.5	-8	2.99072e-16
10.5	-7.5	6.00156e-15
10.5	-7	1.01315e-13
10.5	-6.5	1.4388e-12
10.5	-6	1.71889e-11
10.5	-5.5	1.72749e-10
10.5	-5	1.4605e-09
10.5	-4.5	1.03874e-08
10.5	-4	6.21487e-08
10.5	-3.5	3.12807e-07
10.5	-3	1.32447e-06
10.5	-2.5	4.71765e-06
10.5	-2	1.41361e-05
10.5	-1.5	3.5633e-05
10.5	-1	7.55605e-05
10.5	-0.5	0.00013479
10.5	0	0.000202273
10.5	0.5	0.000255352
10.5	1	0.000271182
10.5	1.5	0.00024227
10.5	2	0.000182079
10.5	2.5	0.000115117
10.5	3	6.12263e-05
10.5	3.5	2.73941e-05
10.5	4	1.03108e-05
10.5	4.5	3.26476e-06
10.5	5	8.69618e-07
10.5	5.5	1.94861e-07
10.5	6	3.67317e-08
10.5	6.5	5.82474e-09
10.5	7	7.77019e-10
10.5	7.5	8.71979e-11
10.5	8	8.2319e-12
10.5	8.5	6.53753e-13
10.5	9	4.36764e-14
10.5	9.5	2.45471e-15
10.5	10	1.16057e-16
11	-10	1.02125e-22
11	-9.5	4.28034e-21
11	-9	1.5092e-19
11	-8.5	4.47645e-18
11	-8	1.11697e-16
11	-7.5	2.34459e-15
11	-7	4.14012e-14
11	-6.5	6.15004e-13
11	-6	7.68534e-12
11	-5.5	8.07919e-11
11	-5	7.14483e-10
11	-4.5	5.31539e-09
11	-4	3.32658e-08
11	-3.5	1.75138e-07
11	-3	7.75681e-07
11	-2.5	2.89005e-06
11	-2	9.05829e-06
11	-1.5	2.3884e-05
11	-1	5.2977e-05
11	-0.5	9.88523e-05
11	0	0.000155169
11	0.5	0.000204901
11	1	0.000227616
11	1.5	0.000212707
11	2	0.000167216
11	2.5	0.000110585
11	3	6.15222e-05
11	3.5	2.87931e-05
11	4	1.13361e-05
11	4.5	3.75456e-06
11	5	1.0461e-06
11	5.5	2.45192e-07
11	6	4.8346e-08
11	6.5	8.01925e-09
11	7	1.11899e-09
11	7.5	1.31353e-10
11	8	1.29709e-11
11	8.5	1.07751e-12
11	9	7.52996e-14
11	9.5	4.42673e-15
11	10	2.18924e-16
11.5	-10	3.13723e-23
11.5	-9.5	1.37541e-21
11.5	-9	5.07268e-20
11.5	-8.5	1.57385e-18
11.5	-8	4.10778e-17
11.5	-7.5	9.01926e-16
11.5	-7	1.66592e-14
11.5	-6.5	2.58856e-13
11.5	-6	3.38361e-12
11.5	-5.5	3.72068e-11
11.5	-5	3.44179e-10
11.5	-4.5	2.67834e-09
11.5	-4	1.75334e-08
11.5	-3.5	9.65576e-08
11.5	-3	4.47328e-07
11.5	-2.5	1.74335e-06
11.5	-2	5.71563e-06
11.5	-1.5	1.57639e-05
11.5	-1	3.65747e-05
11.5	-0.5	7.13868e-05
11.5	0	0.000117213
11.5	0.5	0.000161902
11.5	1	0.000188126
11.5	1.5	0.000183892
11.5	2	0.000151216
11.5	2.5	0.000104605
11.5	3	6.08733e-05
11.5	3.5	2.98003e-05
11.5	4	1.22725e-05
11.5	4.5	4.25174e-06
11.5	5	1.23914e-06
11.5	5.5	3.03802e-07
11.5	6	6.26588e-08
11.5	6.5	1.08716e-08
11.5	7	1.5868e-09
11.5	7.5	1.94838e-10
11.5	8	2.01253e-11
11.5	8.5	1.74876e-12
11.5	9	1.27832e-13
11.5	9.5	7.86082e-15
11.5	10	4.06645e-16
12	-10	9.48993e-24
12	-9.5	4.35198e-22
12	-9	1.67892e-20
12	-8.5	5.44869e-19
12	-8	1.48756e-17
12	-7.5	3.41646e-16
12	-7	6.60082e-15
12	-6.5	1.07285e-13
12	-6	1.46689e-12
12	-5.5	1.68725e-11
12	-5	1.63259e-10
12	-4.5	1.32891e-09
12	-4	9.09987e-09
12	-3.5	5.24195e-08
12	-3	2.54022e-07
12	-2.5	1.03554e-06
12	-2	3.55127e-06
12	-1.5	1.02452e-05
12	-1	2.48643e-05
12	-0.5	5.07634e-05
12	0	8.71858e-05
12	0.5	0.000125968
12	1	0.000153106
12	1.5	0.000156548
12	2	0.000134654
12	2.5	9.74343e-05
12	3	5.93094e-05
12	3.5	3.03707e-05
12	4	1.3083e-05
12	4.5	4.74107e-06
12	5	1.44533e-06
12	5.5	3.7066e-07
12	6	7.99658e-08
12	6.5	1.45129e-08
12	7	2.21575e-09
12	7.5	2.84583e-10
12	8	3.07479e-11
12	8.5	2.79474e-12
12	9	2.13692e-13
12	9.5	1.37453e-14
12	10	7.43771e-16
12.5	-10	2.82671e-24
12.5	-9.5	1.35595e-22
12.5	-9	5.47172e-21
12.5	-8.5	1.85748e-19
12.5	-8	5.30449e-18
12.5	-7.5	1.27433e-16
12.5	-7	2.57538e-15
12.5	-6.5	4.37845e-14
12.5	-6	6.26208e-13
12.5	-5.5	7.53418e-12
12.5	-5	7.62558e-11
12.5	-4.5	6.49276e-10
12.5	-4	4.65057e-09
12.5	-3.5	2.80221e-08
12.5	-3	1.42042e-07
12.5	-2.5	6.05691e-07
12.5	-2	2.17273e-06
12.5	-1.5	6.55661e-06
12.5	-1	1.66446e-05
12.5	-0.5	3.55455e-05
12.5	0	6.38583e-05
12.5	0.5	9.65093e-05
12.5	1	0.000122699
12.5	1.5	0.00013123
12.5	2	0.000118071
12.5	2.5	8.93659e-05
12.5	3	5.69012e-05
12.5	3.5	3.04783e-05
12.5	4	1.37334e-05
12.5	4.5	5.20579e-06
12.5	5	1.66002e-06
12.5	5.5	4.45309e-07
12.5	6	1.00491e-07
12.5	6.5	1.90772e-08
12.5	7	3.04663e-09
12.5	7.5	4.09303e-10
12.5	8	4.62583e-11
12.5	8.5	4.39799e-12
12.5	9	3.51753e-13
12.5	9.5	2.36669e-14
12.5	10	1.33957e-15
13	-10	8.29089e-25
13	-9.5	4.16007e-23
13	-9	1.75598e-21
13	-8.5	6.23529e-20
13	-8	1.86258e-18
13	-7.5	4.68049e-17
13	-7	9.89436e-16
13	-6.5	1.75956e-14
13	-6	2.63233e-13
13	-5.5	3.3128e-12
13	-5	3.50727e-11
13	-4.5	3.12366e-10
13	-4	2.34033e-09
13	-3.5	1.47506e-08
13	-3	7.82103e-08
13	-2.5	3.48848e-07
13	-2	1.30896e-06
13	-1.5	4.1318e-06
13	-1	1.09716e-05
13	-0.5	2.45087e-05
13	0	4.60565e-05
13	0.5	7.28082e-05
13	1	9.68254e-05
13	1.5	0.000108322
13	2	0.000101945
13	2.5	8.07111e-05
13	3	5.37552e-05
13	3.5	3.01181e-05
13	4	1.41956e-05
13	4.5	5.62858e-06
13	5	1.87743e-06
13	5.5	5.26804e-07
13	6	1.24352e-07
13	6.5	2.46932e-08
13	7	4.12497e-09
13	7.5	5.79674e-10
13	8	6.85277e-11
13	8.5	6.81503e-12
13	9	5.7015e-13
13	9.5	4.01264e-14
13	10	2.3757e-15
13.5	-10	2.39454e-25
13.5	-9.5	1.25678e-23
13.5	-9	5.54901e-22
13.5	-8.5	2.06106e-20
13.5	-8	6.44e-19
13.5	-7.5	1.69278e-17
13.5	-7	3.74313e-16
13.5	-6.5	6.96288e-15
13.5	-6	1.08959e-13
13.5	-5.5	1.43435e-12
13.5	-5	1.58843e-11
13.5	-4.5	1.47979e-10
13.5	-4	1.15971e-09
13.5	-3.5	7.64578e-09
13.5	-3	4.24045e-08
13.5	-2.5	1.97844e-07
13.5	-2	7.76519e-07
13.5	-1.5	2.5639e-06
13.5	-1	7.12147e-06
13.5	-0.5	1.66402e-05
13.5	0	3.27088e-05
13.5	0.5	5.40869e-05
13.5	1	7.52383e-05
13.5	1.5	8.80451e-05
13.5	2	8.66745e-05
13.5	2.5	7.17788e-05
13.5	3	5.00059e-05
13.5	3.5	2.93066e-05
13.5	4	1.44487e-05
13.5	4.5	5.99257e-06
13.5	5	2.09082e-06
13.5	5.5	6.13675e-07
13.5	6	1.51524e-07
13.5	6.5	3.14733e-08
13.5	7	5.49949e-09
13.5	7.5	8.08394e-10
13.5	8	9.99639e-11
13.5	8.5	1.03988e-11
13.5	9	9.10001e-13
13.5	9.5	6.69917e-14
13.5	10	4.14877e-15
14	-10	6.80997e-26
14	-9.5	3.73869e-24
14	-9	1.72669e-22
14	-8.5	6.70852e-21
14	-8	2.1926e-19
14	-7.5	6.02853e-18
14	-7	1.39439e-16
14	-6.5	2.71316e-15
14	-6	4.44106e-14
14	-5.5	6.11528e-13
14	-5	7.08381e-12
14	-4.5	6.90298e-11
14	-4	5.65881e-10
14	-3.5	3.90242e-09
14	-3	2.26393e-08
14	-2.5	1.10487e-07
14	-2	4.53604e-07
14	-1.5	1.56662e-06
14	-1	4.55166e-06
14	-0.5	1.11249e-05
14	0	2.2874e-05
14	0.5	3.95645e-05
14	1	5.75692e-05
14	1.5	7.04684e-05
14	2	7.25634e-05
14	2.5	6.2858e-05
14	3	4.58061e-05
14	3.5	2.80805e-05
14	4	1.44813e-05
14	4.5	6.28243e-06
14	5	2.29281e-06
14	5.5	7.03928e-07
14	6	1.81806e-07
14	6.5	3.95009e-08
14	7	7.21981e-09
14	7.5	1.11011e-09
14	8	1.43589e-10
14	8.5	1.56243e-11
14	9	1.4302e-12
14	9.5	1.10132e-13
14	10	7.13425e-15
14.5	-10	1.90708e-26
14.5	-9.5	1.09517e-24
14.5	-9	5.29069e-23
14.5	-8.5	2.15012e-21
14.5	-8	7.35079e-20
14.5	-7.5	2.11409e-18
14.5	-7	5.11486e-17
14.5	-6.5	1.04103e-15
14.5	-6	1.78243e-14
14.5	-5.5	2.56732e-13
14.5	-5	3.11077e-12
14.5	-4.5	3.17084e-11
14.5	-4	2.71895e-10
14.5	-3.5	1.96132e-09
14.5	-3	1.19018e-08
14.5	-2.5	6.07574e-08
14.5	-2	2.60918e-07
14.5	-1.5	9.42602e-07
14.5	-1	2.86465e-06
14.5	-0.5	7.32378e-06
14.5	0	1.57514e-05
14.5	0.5	2.84984e-05
14.5	1	4.33754e-05
14.5	1.5	5.55373e-05
14.5	2	5.98199e-05
14.5	2.5	5.42034e-05
14.5	3	4.13168e-05
14.5	3.5	2.64939e-05
14.5	4	1.42917e-05
14.5	4.5	6.48551e-06
14.5	5	2.47584e-06
14.5	5.5	7.95097e-07
14.5	6	2.14802e-07
14.5	6.5	4.88174e-08
14.5	7	9.3332e-09
14.5	7.5	1.50109e-09
14.5	8	2.03096e-10
14.5	8.5	2.31162e-11
14.5	9	2.21336e-12
14.5	9.5	1.78281e-13
14.5	10	1.20803e-14
15	-10	5.25889e-27
15	-9.5	3.15896e-25
15	-9	1.59629e-23
15	-8.5	6.78581e-22
15	-8	2.42667e-20
15	-7.5	7.30025e-19
15	-7	1.8475e-17
15	-6.5	3.93325e-16
15	-6	7.0443e-15
15	-5.5	1.06131e-13
15	-5	1.34515e-12
15	-4.5	1.43422e-11
15	-4	1.28641e-10
15	-3.5	9.7065e-10
15	-3	6.16121e-09
15	-2.5	3.28995e-08
15	-2	1.47785e-07
15	-1.5	5.58462e-07
15	-1	1.77531e-06
15	-0.5	4.74763e-06
15	0	1.06806e-05
15	0.5	2.02133e-05
15	1	3.21808e-05
15	1.5	4.30999e-05
15	2	4.85596e-05
15	2.5	4.6025e-05
15	3	3.66971e-05
15	3.5	2.46144e-05
15	4	1.38888e-05
15	4.5	6.59268e-06
15	5	2.63256e-06
15	5.5	8.84328e-07
15	6	2.49901e-07
15	6.5	5.94077e-08
15	7	1.18806e-08
15	7.5	1.99871e-09
15	8	2.82868e-10
15	8.5	3.36772e-11
15	9	3.37294e-12
15	9.5	2.84184e-13
15	10	2.01424e-14
15.5	-10	1.42798e-27
15.5	-9.5	8.97239e-26
15.5	-9	4.74258e-24
15.5	-8.5	2.10883e-22
15.5	-8	7.88837e-21
15.5	-7.5	2.48229e-19
15.5	-7	6.57109e-18
15.5	-6.5	1.46333e-16
15.5	-6	2.74136e-15
15.5	-5.5	4.32026e-14
15.5	-5	5.7276e-13
15.5	-4.5	6.38786e-12
15.5	-4	5.99318e-11
15.5	-3.5	4.73019e-10
15.5	-3	3.14065e-09
15.5	-2.5	1.75421e-08
15.5	-2	8.24254e-08
15.5	-1.5	3.25807e-07
15.5	-1	1.08338e-06
15.5	-0.5	3.03053e-06
15.5	0	7.13144e-06
15.5	0.5	1.41174e-05
15.5	1	2.351e-05
15.5	1.5	3.29359e-05
15.5	2	3.88156e-05
15.5	2.5	3.84824e-05
15.5	3	3.2095e-05
15.5	3.5	2.25181e-05
15.5	4	1.32907e-05
15.5	4.5	6.59904e-06
15.5	5	2.75635e-06
15.5	5.5	9.68518e-07
15.5	6	2.86286e-07
15.5	6.5	7.11889e-08
15.5	7	1.48917e-08
15.5	7.5	2.62057e-09
15.5	8	3.87941e-10
15.5	8.5	4.83122e-11
15.5	9	5.06135e-12
15.5	9.5	4.46062e-13
15.5	10	3.30708e-14
16	-10	3.81811e-28
16	-9.5	2.50942e-26
16	-9	1.38745e-24
16	-8.5	6.45331e-23
16	-8	2.52503e-21
16	-7.5	8.3113e-20
16	-7	2.3014e-18
16	-6.5	5.36085e-17
16	-6	1.0505e-15
16	-5.5	1.73172e-14
16	-5	2.40147e-13
16	-4.5	2.80155e-12
16	-4	2.7494e-11
16	-3.5	2.26985e-10
16	-3	1.57643e-09
16	-2.5	9.2103e-09
16	-2	4.52681e-08
16	-1.5	1.87167e-07
16	-1	6.51008e-07
16	-0.5	1.90486e-06
16	0	4.68877e-06
16	0.5	9.70899e-06
16	1	1.69126e-05
16	1.5	2.47836e-05
16	2	3.05519e-05
16	2.5	3.16834e-05
16	3	2.76404e-05
16	3.5	2.02851e-05
16	4	1.25236e-05
16	4.5	6.50431e-06
16	5	2.84179e-06
16	5.5	1.04449e-06
16	6	3.22949e-07
16	6.5	8.40008e-08
16	7	1.83803e-08
16	7.5	3.38331e-09
16	8	5.23902e-10
16	8.5	6.82462e-11
16	9	7.47869e-12
16	9.5	6.89434e-13
16	10	5.34662e-14
16.5	-10	1.00526e-28
16.5	-9.5	6.911e-27
16.5	-9	3.9969e-25
16.5	-8.5	1.94458e-23
16.5	-8	7.95877e-22
16.5	-7.5	2.74023e-20
16.5	-7	7.93683e-19
16.5	-6.5	1.93387e-17
16.5	-6	3.96393e-16
16.5	-5.5	6.8351e-15
16.5	-5	9.91479e-14
16.5	-4.5	1.20988e-12
16.5	-4	1.24199e-11
16.5	-3.5	1.07255e-10
16.5	-3	7.7917e-10
16.5	-2.5	4.76177e-09
16.5	-2	2.44807e-08
16.5	-1.5	1.05876e-07
16.5	-1	3.85207e-07
16.5	-0.5	1.17898e-06
16.5	0	3.03558e-06
16.5	0.5	6.57498e-06
16.5	1	1.19803e-05
16.5	1.5	1.83637e-05
16.5	2	2.36794e-05
16.5	2.5	2.56864e-05
16.5	3	2.34398e-05
16.5	3.5	1.79938e-05
16.5	4	1.16202e-05
16.5	4.5	6.31282e-06
16.5	5	2.88504e-06
16.5	5.5	1.10918e-06
16.5	6	3.58731e-07
16.5	6.5	9.76014e-08
16.5	7	2.2339e-08
16.5	7.5	4.3012e-09
16.5	8	6.96684e-10
16.5	8.5	9.49296e-11
16.5	9	1.08814e-11
16.5	9.5	1.04928e-12
16.5	10	8.51168e-14
17	-10	2.60621e-29
17	-9.5	1.87417e-27
17	-9	1.13378e-25
17	-8.5	5.76991e-24
17	-8	2.47017e-22
17	-7.5	8.89623e-21
17	-7	2.69528e-19
17	-6.5	6.86944e-18
17	-6	1.47285e-16
17	-5.5	2.65653e-15
17	-5	4.0308e-14
17	-4.5	5.14501e-13
17	-4	5.52461e-12
17	-3.5	4.99041e-11
17	-3	3.79219e-10
17	-2.5	2.42418e-09
17	-2	1.30364e-08
17	-1.5	5.89753e-08
17	-1	2.24441e-07
17	-0.5	7.18546e-07
17	0	1.9352e-06
17	0.5	4.38446e-06
17	1	8.35655e-06
17	1.5	1.33985e-05
17	2	1.8072e-05
17	2.5	2.05057e-05
17	3	1.95733e-05
17	3.5	1.57171e-05
17	4	1.06169e-05
17	4.5	6.03318e-06
17	5	2.88412e-06
17	5.5	1.15984e-06
17	6	3.92378e-07
17	6.5	1.11668e-07
17	7	2.67347e-08
17	7.5	5.38442e-09
17	8	9.12269e-10
17	8.5	1.30025e-10
17	9	1.55901e-11
17	9.5	1.5725e-12
17	10	1.3343e-13
17.5	-10	6.65336e-30
17.5	-9.5	5.00471e-28
17.5	-9	3.16692e-26
17.5	-8.5	1.68583e-24
17.5	-8	7.54936e-23
17.5	-7.5	2.84398e-21
17.5	-7	9.01285e-20
17.5	-6.5	2.4028e-18
17.5	-6	5.3888e-17
17.5	-5.5	1.01668e-15
17.5	-5	1.61361e-14
17.5	-4.5	2.15443e-13
17.5	-4	2.41984e-12
17.5	-3.5	2.28643e-11
17.5	-3	1.8174e-10
17.5	-2.5	1.21524e-09
17.5	-2	6.83585e-09
17.5	-1.5	3.23477e-08
17.5	-1	1.28769e-07
17.5	-0.5	4.31223e-07
17.5	0	1.21482e-06
17.5	0.5	2.87899e-06
17.5	1	5.73968e-06
17.5	1.5	9.62621e-06
17.5	2	1.35813e-05
17.5	2.5	1.61194e-05
17.5	3	1.60944e-05
17.5	3.5	1.35183e-05
17.5	4	9.55182e-06
17.5	4.5	5.67768e-06
17.5	5	2.83906e-06
17.5	5.5	1.19426e-06
17.5	6	4.22613e-07
17.5	6.5	1.25807e-07
17.5	7	3.15056e-08
17.5	7.5	6.63727e-09
17.5	8	1.17628e-09
17.5	8.5	1.75369e-10
17.5	9	2.19944e-11
17.5	9.5	2.32056e-12
17.5	10	2.05964e-13
18	-10	1.67253e-30
18	-9.5	1.31598e-28
18	-9	8.71055e-27
18	-8.5	4.85021e-25
18	-8	2.27193e-23
18	-7.5	8.95258e-22
18	-7	2.96771e-20
18	-6.5	8.27589e-19
18	-6	1.94145e-17
18	-5.5	3.83141e-16
18	-5	6.36078e-15
18	-4.5	8.88344e-14
18	-4	1.04369e-12
18	-3.5	1.03153e-11
18	-3	8.57652e-11
18	-2.5	5.99874e-10
18	-2	3.52963e-09
18	-1.5	1.7471e-08
18	-1	7.27485e-08
18	-0.5	2.54831e-07
18	0	7.50928e-07
18	0.5	1.86151e-06
18	1	3.88195e-06
18	1.5	6.81013e-06
18	2	1.00503e-05
18	2.5	1.24774e-05
18	3	1.30313e-05
18	3.5	1.14491e-05
18	4	8.46203e-06
18	4.5	5.26135e-06
18	5	2.75194e-06
18	5.5	1.21088e-06
18	6	4.4821e-07
18	6.5	1.39567e-07
18	7	3.65596e-08
18	7.5	8.05641e-09
18	8	1.49348e-09
18	8.5	2.32905e-10
18	9	3.05547e-11
18	9.5	3.37206e-12
18	10	3.13063e-13
18.5	-10	4.14009e-31
18.5	-9.5	3.4074e-29
18.5	-9	2.35915e-27
18.5	-8.5	1.37407e-25
18.5	-8	6.73256e-24
18.5	-7.5	2.77506e-22
18.5	-7	9.62238e-21
18.5	-6.5	2.80681e-19
18.5	-6	6.88752e-18
18.5	-5.5	1.42178e-16
18.5	-5	2.469e-15
18.5	-4.5	3.60687e-14
18.5	-4	4.4326e-13
18.5	-3.5	4.58254e-12
18.5	-3	3.98541e-11
18.5	-2.5	2.91581e-10
18.5	-2	1.79459e-09
18.5	-1.5	9.29163e-09
18.5	-1	4.04704e-08
18.5	-0.5	1.48287e-07
18.5	0	4.57074e-07
18.5	0.5	1.1852e-06
18.5	1	2.58532e-06
18.5	1.5	4.74413e-06
18.5	2	7.32351e-06
18.5	2.5	9.51045e-06
18.5	3	1.03897e-05
18.5	3.5	9.54825e-06
18.5	4	7.38183e-06
18.5	4.5	4.80092e-06
18.5	5	2.62666e-06
18.5	5.5	1.20894e-06
18.5	6	4.68082e-07
18.5	6.5	1.52461e-07
18.5	7	4.17751e-08
18.5	7.5	9.6293e-09
18.5	8	1.8672e-09
18.5	8.5	3.04585e-10
18.5	9	4.17969e-11
18.5	9.5	4.82502e-12
18.5	10	4.68569e-13
19	-10	1.00913e-31
19	-9.5	8.68754e-30
19	-9	6.29169e-28
19	-8.5	3.83317e-26
19	-8	1.96457e-24
19	-7.5	8.47025e-23
19	-7	3.07217e-21
19	-6.5	9.37374e-20
19	-6	2.40603e-18
19	-5.5	5.19527e-17
19	-5	9.43702e-16
19	-4.5	1.44205e-14
19	-4	1.85373e-13
19	-3.5	2.00462e-12
19	-3	1.82363e-11
19	-2.5	1.3956e-10
19	-2	8.98473e-10
19	-1.5	4.86596e-09
19	-1	2.21693e-08
19	-0.5	8.49677e-08
19	0	2.73953e-07
19	0.5	7.43049e-07
19	1	1.69543e-06
19	1.5	3.25431e-06
19	2	5.25484e-06
19	2.5	7.13804e-06
19	3	8.15677e-06
19	3.5	7.8411e-06
19	4	6.34096e-06
19	4.5	4.31373e-06
19	5	2.46871e-06
19	5.5	1.18852e-06
19	6	4.81353e-07
19	6.5	1.63998e-07
19	7	4.7004e-08
19	7.5	1.13331e-08
19	8	2.29871e-09
19	8.5	3.92227e-10
19	9	5.63004e-11
19	9.5	6.79837e-12
19	10	6.90585e-13
19.5	-10	2.42205e-32
19.5	-9.5	2.18108e-30
19.5	-9	1.65227e-28
19.5	-8.5	1.05295e-26
19.5	-8	5.64489e-25
19.5	-7.5	2.54579e-23
19.5	-7	9.65847e-22
19.5	-6.5	3.08258e-20
19.5	-6	8.27637e-19
19.5	-5.5	1.86932e-17
19.5	-5	3.5518e-16
19.5	-4.5	5.67718e-15
19.5	-4	7.63372e-14
19.5	-3.5	8.63494e-13
19.5	-3	8.21678e-12
19.5	-2.5	6.57755e-11
19.5	-2	4.42941e-10
19.5	-1.5	2.50927e-09
19.5	-1	1.19582e-08
19.5	-0.5	4.7941e-08
19.5	0	1.61684e-07
19.5	0.5	4.58719e-07
19.5	1	1.09483e-06
19.5	1.5	2.19818e-06
19.5	2	3.7128e-06
19.5	2.5	5.27544e-06
19.5	3	6.30573e-06
19.5	3.5	6.34062e-06
19.5	4	5.36349e-06
19.5	4.5	3.81666e-06
19.5	5	2.28475e-06
19.5	5.5	1.15057e-06
19.5	6	4.87423e-07
19.5	6.5	1.73708e-07
19.5	7	5.20778e-08
19.5	7.5	1.31343e-08
19.5	8	2.78662e-09
19.5	8.5	4.97358e-10
19.5	9	7.46759e-11
19.5	9.5	9.43216e-12
19.5	10	1.00222e-12
20	-10	5.7243e-33
20	-9.5	5.39199e-31
20	-9	4.27263e-29
20	-8.5	2.84813e-27
20	-8	1.59715e-25
20	-7.5	7.53442e-24
20	-7	2.99002e-22
20	-6.5	9.98199e-21
20	-6	2.80337e-19
20	-5.5	6.62312e-18
20	-5	1.31633e-16
20	-4.5	2.20083e-15
20	-4	3.09548e-14
20	-3.5	3.66259e-13
20	-3	3.64559e-12
20	-2.5	3.05259e-11
20	-2	2.15024e-10
20	-1.5	1.27417e-09
20	-1	6.35162e-09
20	-0.5	2.66356e-08
20	0	9.39636e-08
20	0.5	2.78854e-07
20	1	6.96166e-07
20	1.5	1.46207e-06
20	2	2.58312e-06
20	2.5	3.83919e-06
20	3	4.80014e-06
20	3.5	5.04879e-06
20	4	4.46726e-06
20	4.5	3.32517e-06
20	5	2.08213e-06
20	5.5	1.09678e-06
20	6	4.86016e-07
20	6.5	1.81177e-07
20	7	5.68163e-08
20	7.5	1.49887e-08
20	8	3.32639e-09
20	8.5	6.21015e-10
20	9	9.75329e-11
20	9.5	1.2886e-11
20	10	1.43221e-12
