-20	-10	6.6003e-12
-20	-9.5	2.22766e-12
-20	-9	5.63454e-13
-20	-8.5	1.06805e-13
-20	-8	1.5172e-14
-20	-7.5	1.61518e-15
-20	-7	1.28861e-16
-20	-6.5	7.70446e-18
-20	-6	3.45213e-19
-20	-5.5	1.15919e-20
-20	-5	2.91706e-22
-20	-4.5	5.50122e-24
-20	-4	7.77491e-26
-20	-3.5	8.23482e-28
-20	-3	6.53635e-30
-20	-2.5	3.88812e-32
-20	-2	1.73327e-34
-20	-1.5	5.79051e-37
-20	-1	1.44974e-39
-20	-0.5	2.7201e-42
-20	0	3.82474e-45
-20	0.5	4.03035e-48
-20	1	3.18278e-51
-20	1.5	1.88362e-54
-20	2	8.35414e-58
-20	2.5	2.77673e-61
-20	3	6.91653e-65
-20	3.5	1.29112e-68
-20	4	1.8062e-72
-20	4.5	1.8936e-76
-20	5	1.48776e-80
-20	5.5	8.75995e-85
-20	6	3.86538e-89
-20	6.5	1.27822e-93
-20	7	3.16769e-98
-20	7.5	5.88304e-103
-20	8	8.18811e-108
-20	8.5	8.5406e-113
-20	9	6.676e-118
-20	9.5	3.91081e-123
-20	10	1.71688e-128
-19.5	-10	3.40258e-11
-19.5	-9.5	1.33939e-11
-19.5	-9	3.95122e-12
-19.5	-8.5	8.73529e-13
-19.5	-8	1.44726e-13
-19.5	-7.5	1.79695e-14
-19.5	-7	1.67206e-15
-19.5	-6.5	1.16597e-16
-19.5	-6	6.09323e-18
-19.5	-5.5	2.38633e-19
-19.5	-5	7.00382e-21
-19.5	-4.5	1.5405e-22
-19.5	-4	2.5393e-24
-19.5	-3.5	3.1368e-26
-19.5	-3	2.90391e-28
-19.5	-2.5	2.01466e-30
-19.5	-2	1.04747e-32
-19.5	-1.5	4.08139e-35
-19.5	-1	1.19178e-37
-19.5	-0.5	2.60798e-40
-19.5	0	4.27698e-43
-19.5	0.5	5.25645e-46
-19.5	1	4.84139e-49
-19.5	1.5	3.34173e-52
-19.5	2	1.7286e-55
-19.5	2.5	6.70102e-59
-19.5	3	1.94675e-62
-19.5	3.5	4.2384e-66
-19.5	4	6.91538e-70
-19.5	4.5	8.45578e-74
-19.5	5	7.74843e-78
-19.5	5.5	5.32104e-82
-19.5	6	2.73843e-86
-19.5	6.5	1.05616e-90
-19.5	7	3.05268e-95
-19.5	7.5	6.61233e-100
-19.5	8	1.07337e-104
-19.5	8.5	1.30578e-109
-19.5	9	1.19045e-114
-19.5	9.5	8.13349e-120
-19.5	10	4.16452e-125
-19	-10	1.56293e-10
-19	-9.5	7.17556e-11
-19	-9	2.46884e-11
-19	-8.5	6.36581e-12
-19	-8	1.23009e-12
-19	-7.5	1.78132e-13
-19	-7	1.93318e-14
-19	-6.5	1.57225e-15
-19	-6	9.5829e-17
-19	-5.5	4.37718e-18
-19	-5	1.49835e-19
-19	-4.5	3.84376e-21
-19	-4	7.3896e-23
-19	-3.5	1.06466e-24
-19	-3	1.14953e-26
-19	-2.5	9.3015e-29
-19	-2	5.64039e-31
-19	-1.5	2.56323e-33
-19	-1	8.7295e-36
-19	-0.5	2.22799e-38
-19	0	4.26148e-41
-19	0.5	6.10844e-44
-19	1	6.5618e-47
-19	1.5	5.28249e-50
-19	2	3.18696e-53
-19	2.5	1.44091e-56
-19	3	4.88226e-60
-19	3.5	1.23973e-63
-19	4	2.35915e-67
-19	4.5	3.3644e-71
-19	5	3.59569e-75
-19	5.5	2.87992e-79
-19	6	1.72862e-83
-19	6.5	7.77576e-88
-19	7	2.62125e-92
-19	7.5	6.62211e-97
-19	8	1.25374e-101
-19	8.5	1.77886e-106
-19	9	1.89146e-111
-19	9.5	1.50722e-116
-19	10	9.00076e-122
-18.5	-10	6.3968e-10
-18.5	-9.5	3.42525e-10
-18.5	-9	1.3745e-10
-18.5	-8.5	4.13352e-11
-18.5	-8	9.31574e-12
-18.5	-7.5	1.5734e-12
-18.5	-7	1.9915e-13
-18.5	-6.5	1.88906e-14
-18.5	-6	1.34287e-15
-18.5	-5.5	7.15397e-17
-18.5	-5	2.85615e-18
-18.5	-4.5	8.54551e-20
-18.5	-4	1.9161e-21
-18.5	-3.5	3.21973e-23
-18.5	-3	4.05457e-25
-18.5	-2.5	3.82642e-27
-18.5	-2	2.70622e-29
-18.5	-1.5	1.43436e-31
-18.5	-1	5.69735e-34
-18.5	-0.5	1.69595e-36
-18.5	0	3.78333e-39
-18.5	0.5	6.32496e-42
-18.5	1	7.92438e-45
-18.5	1.5	7.44038e-48
-18.5	2	5.23537e-51
-18.5	2.5	2.76072e-54
-18.5	3	1.09099e-57
-18.5	3.5	3.23104e-61
-18.5	4	7.17109e-65
-18.5	4.5	1.19276e-68
-18.5	5	1.48676e-72
-18.5	5.5	1.38884e-76
-18.5	6	9.72271e-81
-18.5	6.5	5.10087e-85
-18.5	7	2.00551e-89
-18.5	7.5	5.90918e-94
-18.5	8	1.30483e-98
-18.5	8.5	2.15924e-103
-18.5	9	2.67776e-108
-18.5	9.5	2.48866e-113
-18.5	10	1.73334e-118
-18	-10	2.33278e-09
-18	-9.5	1.45686e-09
-18	-9	6.81844e-10
-18	-8.5	2.39152e-10
-18	-8	6.28618e-11
-18	-7.5	1.23829e-11
-18	-7	1.82801e-12
-18	-6.5	2.02237e-13
-18	-6	1.67673e-14
-18	-5.5	1.04181e-15
-18	-5	4.85107e-17
-18	-4.5	1.69281e-18
-18	-4	4.42694e-20
-18	-3.5	8.67601e-22
-18	-3	1.27427e-23
-18	-2.5	1.40256e-25
-18	-2	1.15693e-27
-18	-1.5	7.1518e-30
-18	-1	3.31319e-32
-18	-0.5	1.15027e-34
-18	0	2.99279e-37
-18	0.5	5.83545e-40
-18	1	8.527e-43
-18	1.5	9.33771e-46
-18	2	7.66316e-49
-18	2.5	4.713e-52
-18	3	2.17225e-55
-18	3.5	7.50318e-59
-18	4	1.94224e-62
-18	4.5	3.76777e-66
-18	5	5.47757e-70
-18	5.5	5.9678e-74
-18	6	4.87263e-78
-18	6.5	2.9815e-82
-18	7	1.36719e-86
-18	7.5	4.69837e-91
-18	8	1.21001e-95
-18	8.5	2.33534e-100
-18	9	3.37782e-105
-18	9.5	3.66137e-110
-18	10	2.97423e-115
-17.5	-10	7.5801e-09
-17.5	-9.5	5.5212e-09
-17.5	-9	3.0138e-09
-17.5	-8.5	1.23287e-09
-17.5	-8	3.77959e-10
-17.5	-7.5	8.6835e-11
-17.5	-7	1.49509e-11
-17.5	-6.5	1.92913e-12
-17.5	-6	1.86543e-13
-17.5	-5.5	1.35182e-14
-17.5	-5	7.34148e-16
-17.5	-4.5	2.98792e-17
-17.5	-4	9.11335e-19
-17.5	-3.5	2.0831e-20
-17.5	-3	3.56832e-22
-17.5	-2.5	4.58079e-24
-17.5	-2	4.40697e-26
-17.5	-1.5	3.17733e-28
-17.5	-1	1.71675e-30
-17.5	-0.5	6.95146e-33
-17.5	0	2.10944e-35
-17.5	0.5	4.79712e-38
-17.5	1	8.17554e-41
-17.5	1.5	1.04418e-43
-17.5	2	9.9944e-47
-17.5	2.5	7.16905e-50
-17.5	3	3.85379e-53
-17.5	3.5	1.55252e-56
-17.5	4	4.68717e-60
-17.5	4.5	1.06049e-63
-17.5	5	1.79814e-67
-17.5	5.5	2.28489e-71
-17.5	6	2.17585e-75
-17.5	6.5	1.5528e-79
-17.5	7	8.30471e-84
-17.5	7.5	3.32856e-88
-17.5	8	9.99795e-93
-17.5	8.5	2.25055e-97
-17.5	9	3.79655e-102
-17.5	9.5	4.79967e-107
-17.5	10	4.54734e-112
-17	-10	2.19464e-08
-17	-9.5	1.86439e-08
-17	-9	1.18695e-08
-17	-8.5	5.66306e-09
-17	-8	2.02485e-09
-17	-7.5	5.42571e-10
-17	-7	1.08954e-10
-17	-6.5	1.63966e-11
-17	-6	1.84921e-12
-17	-5.5	1.56293e-13
-17	-5	9.89961e-15
-17	-4.5	4.69914e-16
-17	-4	1.67164e-17
-17	-3.5	4.45644e-19
-17	-3	8.90342e-21
-17	-2.5	1.33306e-22
-17	-2	1.49576e-24
-17	-1.5	1.25776e-26
-17	-1	7.92609e-29
-17	-0.5	3.74319e-31
-17	0	1.32479e-33
-17	0.5	3.51378e-36
-17	1	6.98434e-39
-17	1.5	1.0404e-41
-17	2	1.16144e-44
-17	2.5	9.7166e-48
-17	3	6.09194e-51
-17	3.5	2.86233e-54
-17	4	1.00788e-57
-17	4.5	2.65961e-61
-17	5	5.25957e-65
-17	5.5	7.79481e-69
-17	6	8.65732e-73
-17	6.5	7.20584e-77
-17	7	4.49478e-81
-17	7.5	2.10114e-85
-17	8	7.36078e-90
-17	8.5	1.93248e-94
-17	9	3.80216e-99
-17	9.5	5.60619e-104
-17	10	6.19481e-109
-16.5	-10	5.66165e-08
-16.5	-9.5	5.60958e-08
-16.5	-9	4.16525e-08
-16.5	-8.5	2.31779e-08
-16.5	-8	9.66562e-09
-16.5	-7.5	3.0207e-09
-16.5	-7	7.07472e-10
-16.5	-6.5	1.24175e-10
-16.5	-6	1.63335e-11
-16.5	-5.5	1.61009e-12
-16.5	-5	1.18944e-13
-16.5	-4.5	6.58502e-15
-16.5	-4	2.73209e-16
-16.5	-3.5	8.49485e-18
-16.5	-3	1.97942e-19
-16.5	-2.5	3.45657e-21
-16.5	-2	4.52349e-23
-16.5	-1.5	4.43634e-25
-16.5	-1	3.26061e-27
-16.5	-0.5	1.79596e-29
-16.5	0	7.41338e-32
-16.5	0.5	2.29329e-34
-16.5	1	5.31648e-37
-16.5	1.5	9.2366e-40
-16.5	2	1.2026e-42
-16.5	2.5	1.17343e-45
-16.5	3	8.5805e-49
-16.5	3.5	4.70209e-52
-16.5	4	1.93105e-55
-16.5	4.5	5.94316e-59
-16.5	5	1.37077e-62
-16.5	5.5	2.36938e-66
-16.5	6	3.06922e-70
-16.5	6.5	2.9795e-74
-16.5	7	2.16761e-78
-16.5	7.5	1.18179e-82
-16.5	8	4.82865e-87
-16.5	8.5	1.47854e-91
-16.5	9	3.39282e-96
-16.5	9.5	5.83463e-101
-16.5	10	7.51948e-106
-16	-10	1.3014e-07
-16	-9.5	1.50388e-07
-16	-9	1.30238e-07
-16	-8.5	8.4525e-08
-16	-8	4.11107e-08
-16	-7.5	1.49847e-08
-16	-7	4.09321e-09
-16	-6.5	8.37921e-10
-16	-6	1.28548e-10
-16	-5.5	1.47791e-11
-16	-5	1.27337e-12
-16	-4.5	8.22214e-14
-16	-4	3.97866e-15
-16	-3.5	1.44282e-16
-16	-3	3.92112e-18
-16	-2.5	7.98602e-20
-16	-2	1.21892e-21
-16	-1.5	1.39425e-23
-16	-1	1.19517e-25
-16	-0.5	7.67786e-28
-16	0	3.69636e-30
-16	0.5	1.33362e-32
-16	1	3.60588e-35
-16	1.5	7.30658e-38
-16	2	1.10953e-40
-16	2.5	1.26266e-43
-16	3	1.07686e-46
-16	3.5	6.88258e-50
-16	4	3.29661e-53
-16	4.5	1.18333e-56
-16	5	3.18323e-60
-16	5.5	6.41731e-64
-16	6	9.69528e-68
-16	6.5	1.09772e-71
-16	7	9.31414e-76
-16	7.5	5.92268e-80
-16	8	2.82239e-84
-16	8.5	1.00795e-88
-16	9	2.69762e-93
-16	9.5	5.41063e-98
-16	10	8.13274e-103
-15.5	-10	2.66543e-07
-15.5	-9.5	3.59239e-07
-15.5	-9	3.62847e-07
-15.5	-8.5	2.74654e-07
-15.5	-8	1.55801e-07
-15.5	-7.5	6.62335e-08
-15.5	-7	2.11013e-08
-15.5	-6.5	5.03804e-09
-15.5	-6	9.01441e-10
-15.5	-5.5	1.20875e-10
-15.5	-5	1.21467e-11
-15.5	-4.5	9.14748e-13
-15.5	-4	5.1626e-14
-15.5	-3.5	2.18352e-15
-15.5	-3	6.92102e-17
-15.5	-2.5	1.64401e-18
-15.5	-2	2.9266e-20
-15.5	-1.5	3.90431e-22
-15.5	-1	3.90344e-24
-15.5	-0.5	2.92465e-26
-15.5	0	1.64218e-28
-15.5	0.5	6.91025e-31
-15.5	1	2.17915e-33
-15.5	1.5	5.14997e-36
-15.5	2	9.12105e-39
-15.5	2.5	1.21062e-41
-15.5	3	1.20418e-44
-15.5	3.5	8.97637e-48
-15.5	4	5.01454e-51
-15.5	4.5	2.09935e-54
-15.5	5	6.5866e-58
-15.5	5.5	1.54868e-61
-15.5	6	2.72887e-65
-15.5	6.5	3.60352e-69
-15.5	7	3.5661e-73
-15.5	7.5	2.64475e-77
-15.5	8	1.46993e-81
-15.5	8.5	6.12255e-86
-15.5	9	1.91113e-90
-15.5	9.5	4.47066e-95
-15.5	10	7.83746e-100
-15	-10	4.86422e-07
-15	-9.5	7.64617e-07
-15	-9	9.00737e-07
-15	-8.5	7.95197e-07
-15	-8	5.26107e-07
-15	-7.5	2.60853e-07
-15	-7	9.69262e-08
-15	-6.5	2.69904e-08
-15	-6	5.63248e-09
-15	-5.5	8.80871e-10
-15	-5	1.0324e-10
-15	-4.5	9.06791e-12
-15	-4	5.96882e-13
-15	-3.5	2.94437e-14
-15	-3	1.08848e-15
-15	-2.5	3.01557e-17
-15	-2	6.26097e-19
-15	-1.5	9.74174e-21
-15	-1	1.13594e-22
-15	-0.5	9.92648e-25
-15	0	6.50068e-27
-15	0.5	3.1904e-29
-15	1	1.17342e-31
-15	1.5	3.23434e-34
-15	2	6.68097e-37
-15	2.5	1.03423e-39
-15	3	1.19982e-42
-15	3.5	1.04313e-45
-15	4	6.79648e-49
-15	4.5	3.31858e-52
-15	5	1.21435e-55
-15	5.5	3.3301e-59
-15	6	6.84373e-63
-15	6.5	1.05403e-66
-15	7	1.21656e-70
-15	7.5	1.0523e-74
-15	8	6.82128e-79
-15	8.5	3.31372e-83
-15	9	1.20639e-87
-15	9.5	3.29143e-92
-15	10	6.7298e-97
-14.5	-10	7.90948e-07
-14.5	-9.5	1.45009e-06
-14.5	-9	1.99233e-06
-14.5	-8.5	2.05141e-06
-14.5	-8	1.58295e-06
-14.5	-7.5	9.15385e-07
-14.5	-7	3.96701e-07
-14.5	-6.5	1.28839e-07
-14.5	-6	3.13582e-08
-14.5	-5.5	5.71977e-09
-14.5	-5	7.8186e-10
-14.5	-4.5	8.00944e-11
-14.5	-4	6.14891e-12
-14.5	-3.5	3.53766e-13
-14.5	-3	1.52531e-14
-14.5	-2.5	4.92858e-16
-14.5	-2	1.19346e-17
-14.5	-1.5	2.1658e-19
-14.5	-1	2.94545e-21
-14.5	-0.5	3.00197e-23
-14.5	0	2.2929e-25
-14.5	0.5	1.31246e-27
-14.5	1	5.63e-30
-14.5	1.5	1.8099e-32
-14.5	2	4.36037e-35
-14.5	2.5	7.87254e-38
-14.5	3	1.0652e-40
-14.5	3.5	1.08011e-43
-14.5	4	8.20779e-47
-14.5	4.5	4.67422e-50
-14.5	5	1.99487e-53
-14.5	5.5	6.38032e-57
-14.5	6	1.5293e-60
-14.5	6.5	2.74705e-64
-14.5	7	3.69797e-68
-14.5	7.5	3.73063e-72
-14.5	8	2.82049e-76
-14.5	8.5	1.59804e-80
-14.5	9	6.78541e-85
-14.5	9.5	2.15917e-89
-14.5	10	5.14895e-94
-14	-10	1.14597e-06
-14	-9.5	2.45037e-06
-14	-9	3.92659e-06
-14	-8.5	4.71543e-06
-14	-8	4.24375e-06
-14	-7.5	2.8622e-06
-14	-7	1.44669e-06
-14	-6.5	5.47989e-07
-14	-6	1.55557e-07
-14	-5.5	3.30928e-08
-14	-5	5.27592e-09
-14	-4.5	6.30356e-10
-14	-4	5.64412e-11
-14	-3.5	3.7873e-12
-14	-3	1.90452e-13
-14	-2.5	7.17735e-15
-14	-2	2.02706e-16
-14	-1.5	4.29032e-18
-14	-1	6.80514e-20
-14	-0.5	8.08922e-22
-14	0	7.20608e-24
-14	0.5	4.81076e-26
-14	1	2.40687e-28
-14	1.5	9.02428e-31
-14	2	2.53569e-33
-14	2.5	5.33952e-36
-14	3	8.42619e-39
-14	3.5	9.96513e-42
-14	4	8.83196e-45
-14	4.5	5.86617e-48
-14	5	2.91994e-51
-14	5.5	1.08922e-54
-14	6	3.04497e-58
-14	6.5	6.37926e-62
-14	7	1.00157e-65
-14	7.5	1.17846e-69
-14	8	1.03913e-73
-14	8.5	6.86674e-78
-14	9	3.40057e-82
-14	9.5	1.26205e-86
-14	10	3.51014e-91
-13.5	-10	1.4794e-06
-13.5	-9.5	3.68943e-06
-13.5	-9	6.89537e-06
-13.5	-8.5	9.65779e-06
-13.5	-8	1.01373e-05
-13.5	-7.5	7.97419e-06
-13.5	-7	4.70084e-06
-13.5	-6.5	2.07676e-06
-13.5	-6	6.87575e-07
-13.5	-5.5	1.70599e-07
-13.5	-5	3.17217e-08
-13.5	-4.5	4.42037e-09
-13.5	-4	4.61619e-10
-13.5	-3.5	3.6127e-11
-13.5	-3	2.11886e-12
-13.5	-2.5	9.31312e-14
-13.5	-2	3.06769e-15
-13.5	-1.5	7.57269e-17
-13.5	-1	1.40091e-18
-13.5	-0.5	1.94221e-20
-13.5	0	2.01791e-22
-13.5	0.5	1.5712e-24
-13.5	1	9.16822e-27
-13.5	1.5	4.00922e-29
-13.5	2	1.31389e-31
-13.5	2.5	3.22685e-34
-13.5	3	5.93912e-37
-13.5	3.5	8.19197e-40
-13.5	4	8.46793e-43
-13.5	4.5	6.55978e-46
-13.5	5	3.80823e-49
-13.5	5.5	1.65684e-52
-13.5	6	5.40208e-56
-13.5	6.5	1.31997e-59
-13.5	7	2.41707e-63
-13.5	7.5	3.31693e-67
-13.5	8	3.4112e-71
-13.5	8.5	2.62907e-75
-13.5	9	1.51851e-79
-13.5	9.5	6.5729e-84
-13.5	10	2.13216e-88
-13	-10	1.70172e-06
-13	-9.5	4.94967e-06
-13	-9	1.07892e-05
-13	-8.5	1.76248e-05
-13	-8	2.15765e-05
-13	-7.5	1.97953e-05
-13	-7	1.36102e-05
-13	-6.5	7.01278e-06
-13	-6	2.70794e-06
-13	-5.5	7.83628e-07
-13	-5	1.69943e-07
-13	-4.5	2.76198e-08
-13	-4	3.36404e-09
-13	-3.5	3.0706e-10
-13	-3	2.10043e-11
-13	-2.5	1.07675e-12
-13	-2	4.13663e-14
-13	-1.5	1.19097e-15
-13	-1	2.56966e-17
-13	-0.5	4.15503e-19
-13	0	5.03496e-21
-13	0.5	4.57236e-23
-13	1	3.11177e-25
-13	1.5	1.58707e-27
-13	2	6.0661e-30
-13	2.5	1.73758e-32
-13	3	3.72995e-35
-13	3.5	6.00044e-38
-13	4	7.23414e-41
-13	4.5	6.53601e-44
-13	5	4.42549e-47
-13	5.5	2.24561e-50
-13	6	8.53941e-54
-13	6.5	2.43358e-57
-13	7	5.19739e-61
-13	7.5	8.31855e-65
-13	8	9.97777e-69
-13	8.5	8.96895e-73
-13	9	6.04188e-77
-13	9.5	3.05018e-81
-13	10	1.15399e-85
-12.5	-10	1.74413e-06
-12.5	-9.5	5.91674e-06
-12.5	-9	1.50421e-05
-12.5	-8.5	2.86588e-05
-12.5	-8	4.09195e-05
-12.5	-7.5	4.3785e-05
-12.5	-7	3.5111e-05
-12.5	-6.5	2.11e-05
-12.5	-6	9.50269e-06
-12.5	-5.5	3.20725e-06
-12.5	-5	8.11224e-07
-12.5	-4.5	1.5377e-07
-12.5	-4	2.18437e-08
-12.5	-3.5	2.32543e-09
-12.5	-3	1.85525e-10
-12.5	-2.5	1.10924e-11
-12.5	-2	4.97016e-13
-12.5	-1.5	1.66893e-14
-12.5	-1	4.1998e-16
-12.5	-0.5	7.9203e-18
-12.5	0	1.11938e-19
-12.5	0.5	1.1856e-21
-12.5	1	9.41062e-24
-12.5	1.5	5.59786e-26
-12.5	2	2.49545e-28
-12.5	2.5	8.3368e-31
-12.5	3	2.08724e-33
-12.5	3.5	3.91622e-36
-12.5	4	5.50662e-39
-12.5	4.5	5.80264e-42
-12.5	5	4.58236e-45
-12.5	5.5	2.71191e-48
-12.5	6	1.20278e-51
-12.5	6.5	3.99776e-55
-12.5	7	9.95797e-59
-12.5	7.5	1.85887e-62
-12.5	8	2.60045e-66
-12.5	8.5	2.72628e-70
-12.5	9	2.14198e-74
-12.5	9.5	1.2612e-78
-12.5	10	5.56513e-83
-12	-10	1.59279e-06
-12	-9.5	6.30199e-06
-12	-9	1.86861e-05
-12	-8.5	4.15224e-05
-12	-8	6.91463e-05
-12	-7.5	8.62936e-05
-12	-7	8.07069e-05
-12	-6.5	5.65673e-05
-12	-6	2.97128e-05
-12	-5.5	1.16962e-05
-12	-5	3.45038e-06
-12	-4.5	7.62803e-07
-12	-4	1.26381e-07
-12	-3.5	1.56918e-08
-12	-3	1.46011e-09
-12	-2.5	1.01818e-10
-12	-2	5.32088e-12
-12	-1.5	2.08385e-13
-12	-1	6.11604e-15
-12	-0.5	1.34524e-16
-12	0	2.21743e-18
-12	0.5	2.73919e-20
-12	1	2.53582e-22
-12	1.5	1.75929e-24
-12	2	9.147e-27
-12	2.5	3.56404e-29
-12	3	1.04071e-31
-12	3.5	2.2774e-34
-12	4	3.73484e-37
-12	4.5	4.59016e-40
-12	5	4.22772e-43
-12	5.5	2.91814e-46
-12	6	1.50949e-49
-12	6.5	5.85162e-53
-12	7	1.69999e-56
-12	7.5	3.70115e-60
-12	8	6.03881e-64
-12	8.5	7.38395e-68
-12	9	6.76626e-72
-12	9.5	4.64656e-76
-12	10	2.39132e-80
-11.5	-10	1.29607e-06
-11.5	-9.5	5.98083e-06
-11.5	-9	2.06832e-05
-11.5	-8.5	5.36038e-05
-11.5	-8	0.000104111
-11.5	-7.5	0.000151538
-11.5	-7	0.000165298
-11.5	-6.5	0.000135125
-11.5	-6	8.27807e-05
-11.5	-5.5	3.80053e-05
-11.5	-5	1.30762e-05
-11.5	-4.5	3.37165e-06
-11.5	-4	6.51516e-07
-11.5	-3.5	9.43476e-08
-11.5	-3	1.02391e-08
-11.5	-2.5	8.32743e-10
-11.5	-2	5.07557e-11
-11.5	-1.5	2.31837e-12
-11.5	-1	7.936e-14
-11.5	-0.5	2.03584e-15
-11.5	0	3.9139e-17
-11.5	0.5	5.63893e-19
-11.5	1	6.08846e-21
-11.5	1.5	4.92653e-23
-11.5	2	2.98743e-25
-11.5	2.5	1.35761e-27
-11.5	3	4.62357e-30
-11.5	3.5	1.18005e-32
-11.5	4	2.25709e-35
-11.5	4.5	3.23533e-38
-11.5	5	3.47545e-41
-11.5	5.5	2.79786e-44
-11.5	6	1.68797e-47
-11.5	6.5	7.63177e-51
-11.5	7	2.58588e-54
-11.5	7.5	6.56622e-58
-11.5	8	1.24952e-61
-11.5	8.5	1.78195e-65
-11.5	9	1.90446e-69
-11.5	9.5	1.52534e-73
-11.5	10	9.15563e-78
-11	-10	9.39696e-07
-11	-9.5	5.05749e-06
-11	-9	2.03988e-05
-11	-8.5	6.16592e-05
-11	-8	0.000139673
-11	-7.5	0.000237111
-11	-7	0.000301657
-11	-6.5	0.000287606
-11	-6	0.000205496
-11	-5.5	0.000110036
-11	-5	4.41556e-05
-11	-4.5	1.32789e-05
-11	-4	2.99267e-06
-11	-3.5	5.05451e-07
-11	-3	6.39767e-08
-11	-2.5	6.06859e-09
-11	-2	4.31396e-10
-11	-1.5	2.2982e-11
-11	-1	9.17534e-13
-11	-0.5	2.74523e-14
-11	0	6.15543e-16
-11	0.5	1.03433e-17
-11	1	1.30253e-19
-11	1.5	1.22923e-21
-11	2	8.6937e-24
-11	2.5	4.60785e-26
-11	3	1.83027e-28
-11	3.5	5.4482e-31
-11	4	1.21539e-33
-11	4.5	2.03188e-36
-11	5	2.54569e-39
-11	5.5	2.39021e-42
-11	6	1.68185e-45
-11	6.5	8.86878e-49
-11	7	3.50479e-52
-11	7.5	1.03797e-55
-11	8	2.3037e-59
-11	8.5	3.83171e-63
-11	9	4.77619e-67
-11	9.5	4.46163e-71
-11	10	3.1234e-75
-10.5	-10	6.07065e-07
-10.5	-9.5	3.81063e-06
-10.5	-9	1.79259e-05
-10.5	-8.5	6.31959e-05
-10.5	-8	0.000166963
-10.5	-7.5	0.000330577
-10.5	-7	0.00049051
-10.5	-6.5	0.00054544
-10.5	-6	0.000454536
-10.5	-5.5	0.000283865
-10.5	-5	0.000132855
-10.5	-4.5	4.65981e-05
-10.5	-4	1.22484e-05
-10.5	-3.5	2.41277e-06
-10.5	-3	3.56183e-07
-10.5	-2.5	3.94052e-08
-10.5	-2	3.26706e-09
-10.5	-1.5	2.02994e-10
-10.5	-1	9.45217e-12
-10.5	-0.5	3.2984e-13
-10.5	0	8.62575e-15
-10.5	0.5	1.6905e-16
-10.5	1	2.48287e-18
-10.5	1.5	2.73285e-20
-10.5	2	2.25425e-22
-10.5	2.5	1.39351e-24
-10.5	3	6.45565e-27
-10.5	3.5	2.24126e-29
-10.5	4	5.83135e-32
-10.5	4.5	1.13702e-34
-10.5	5	1.66146e-37
-10.5	5.5	1.81943e-40
-10.5	6	1.49314e-43
-10.5	6.5	9.18314e-47
-10.5	7	4.23257e-50
-10.5	7.5	1.46197e-53
-10.5	8	3.7844e-57
-10.5	8.5	7.34139e-61
-10.5	9	1.06729e-64
-10.5	9.5	1.16281e-68
-10.5	10	9.49418e-73
-10	-10	3.49439e-07
-10	-9.5	2.55828e-06
-10	-9	1.40361e-05
-10	-8.5	5.77125e-05
-10	-8	0.000177834
-10	-7.5	0.00041066
-10	-7	0.000710677
-10	-6.5	0.000921691
-10	-6	0.000895821
-10	-5.5	0.000652499
-10	-5	0.000356173
-10	-4.5	0.000145702
-10	-4	4.46675e-05
-10	-3.5	1.02622e-05
-10	-3	1.76691e-06
-10	-2.5	2.27986e-07
-10	-2	2.20458e-08
-10	-1.5	1.59759e-09
-10	-1	8.67621e-11
-10	-0.5	3.53115e-12
-10	0	1.07702e-13
-10	0.5	2.46182e-15
-10	1	4.21706e-17
-10	1.5	5.41361e-19
-10	2	5.20819e-21
-10	2.5	3.75499e-23
-10	3	2.02887e-25
-10	3.5	8.21528e-28
-10	4	2.49295e-30
-10	4.5	5.66926e-33
-10	5	9.6619e-36
-10	5.5	1.23402e-38
-10	6	1.18115e-41
-10	6.5	8.47243e-45
-10	7	4.55444e-48
-10	7.5	1.83478e-51
-10	8	5.53933e-55
-10	8.5	1.25329e-58
-10	9	2.12506e-62
-10	9.5	2.7003e-66
-10	10	2.57143e-70
-9.5	-10	1.79225e-07
-9.5	-9.5	1.53034e-06
-9.5	-9	9.7927e-06
-9.5	-8.5	4.69612e-05
-9.5	-8	0.000168771
-9.5	-7.5	0.000454549
-9.5	-7	0.000917456
-9.5	-6.5	0.00138776
-9.5	-6	0.00157313
-9.5	-5.5	0.0013364
-9.5	-5	0.000850809
-9.5	-4.5	0.00040593
-9.5	-4	0.000145142
-9.5	-3.5	3.88916e-05
-9.5	-3	7.80985e-06
-9.5	-2.5	1.17531e-06
-9.5	-2	1.32551e-07
-9.5	-1.5	1.12031e-08
-9.5	-1	7.09606e-10
-9.5	-0.5	3.36836e-11
-9.5	0	1.19823e-12
-9.5	0.5	3.19438e-14
-9.5	1	6.38199e-16
-9.5	1.5	9.55537e-18
-9.5	2	1.07217e-19
-9.5	2.5	9.01568e-22
-9.5	3	5.68144e-24
-9.5	3.5	2.68312e-26
-9.5	4	9.49612e-29
-9.5	4.5	2.51869e-31
-9.5	5	5.00639e-34
-9.5	5.5	7.45758e-37
-9.5	6	8.32519e-40
-9.5	6.5	6.96488e-43
-9.5	7	4.36672e-46
-9.5	7.5	2.05173e-49
-9.5	8	7.22448e-53
-9.5	8.5	1.90641e-56
-9.5	9	3.77007e-60
-9.5	9.5	5.58734e-64
-9.5	10	6.20559e-68
-9	-10	8.19054e-08
-9	-9.5	8.15677e-07
-9	-9	6.08761e-06
-9	-8.5	3.40485e-05
-9	-8	0.000142716
-9	-7.5	0.0004483
-9	-7	0.00105533
-9	-6.5	0.00186179
-9	-6	0.00246147
-9	-5.5	0.00243883
-9	-5	0.00181089
-9	-4.5	0.00100769
-9	-4	0.000420225
-9	-3.5	0.000131329
-9	-3	3.07582e-05
-9	-2.5	5.39865e-06
-9	-2	7.10121e-07
-9	-1.5	7.00006e-08
-9	-1	5.17123e-09
-9	-0.5	2.86292e-10
-9	0	1.18781e-11
-9	0.5	3.69324e-13
-9	1	8.60579e-15
-9	1.5	1.50278e-16
-9	2	1.96664e-18
-9	2.5	1.92875e-20
-9	3	1.41759e-22
-9	3.5	7.80815e-25
-9	4	3.22306e-27
-9	4.5	9.97035e-30
-9	5	2.3114e-32
-9	5.5	4.01572e-35
-9	6	5.22847e-38
-9	6.5	5.10162e-41
-9	7	3.73048e-44
-9	7.5	2.04429e-47
-9	8	8.39547e-51
-9	8.5	2.58386e-54
-9	9	5.95959e-58
-9	9.5	1.03012e-61
-9	10	1.33438e-65
-8.5	-10	3.33516e-08
-8.5	-9.5	3.8738e-07
-8.5	-9	3.37194e-06
-8.5	-8.5	2.19961e-05
-8.5	-8	0.000107531
-8.5	-7.5	0.000393954
-8.5	-7	0.00108163
-8.5	-6.5	0.00222554
-8.5	-6	0.00343175
-8.5	-5.5	0.00396568
-8.5	-5	0.00343433
-8.5	-4.5	0.0022289
-8.5	-4	0.00108408
-8.5	-3.5	0.000395142
-8.5	-3	0.000107937
-8.5	-2.5	2.20957e-05
-8.5	-2	3.38976e-06
-8.5	-1.5	3.8972e-07
-8.5	-1	3.35784e-08
-8.5	-0.5	2.16815e-09
-8.5	0	1.04916e-10
-8.5	0.5	3.80467e-12
-8.5	1	1.03399e-13
-8.5	1.5	2.10589e-15
-8.5	2	3.21424e-17
-8.5	2.5	3.67658e-19
-8.5	3	3.15162e-21
-8.5	3.5	2.02463e-23
-8.5	4	9.74719e-26
-8.5	4.5	3.51671e-28
-8.5	5	9.50859e-31
-8.5	5.5	1.92672e-33
-8.5	6	2.92579e-36
-8.5	6.5	3.3296e-39
-8.5	7	2.83964e-42
-8.5	7.5	1.81491e-45
-8.5	8	8.69305e-49
-8.5	8.5	3.12041e-52
-8.5	9	8.39408e-56
-8.5	9.5	1.69222e-59
-8.5	10	2.55661e-63
-8	-10	1.21007e-08
-8	-9.5	1.63925e-07
-8	-9	1.66419e-06
-8	-8.5	1.26614e-05
-8	-8	7.21914e-05
-8	-7.5	0.000308469
-8	-7	0.000987778
-8	-6.5	0.00237045
-8	-6	0.00426309
-8	-5.5	0.00574568
-8	-5	0.00580337
-8	-4.5	0.00439281
-8	-4	0.00249188
-8	-3.5	0.00105934
-8	-3	0.000337494
-8	-2.5	8.05784e-05
-8	-2	1.44177e-05
-8	-1.5	1.93327e-06
-8	-1	1.94274e-07
-8	-0.5	1.46305e-08
-8	0	8.25706e-10
-8	0.5	3.49233e-11
-8	1	1.10695e-12
-8	1.5	2.62944e-14
-8	2	4.68081e-16
-8	2.5	6.24455e-18
-8	3	6.24316e-20
-8	3.5	4.67768e-22
-8	4	2.62651e-24
-8	4.5	1.10523e-26
-8	5	3.48534e-29
-8	5.5	8.23687e-32
-8	6	1.45882e-34
-8	6.5	1.93626e-37
-8	7	1.92597e-40
-8	7.5	1.43568e-43
-8	8	8.02027e-47
-8	8.5	3.3577e-50
-8	9	1.05346e-53
-8	9.5	2.47695e-57
-8	10	4.36455e-61
-7.5	-10	3.91194e-09
-7.5	-9.5	6.18076e-08
-7.5	-9	7.31836e-07
-7.5	-8.5	6.49394e-06
-7.5	-8	4.31843e-05
-7.5	-7.5	0.000215212
-7.5	-7	0.000803765
-7.5	-6.5	0.00224965
-7.5	-6	0.00471871
-7.5	-5.5	0.00741744
-7.5	-5	0.00873792
-7.5	-4.5	0.00771409
-7.5	-4	0.00510369
-7.5	-3.5	0.0025305
-7.5	-3	0.000940268
-7.5	-2.5	0.00026183
-7.5	-2	5.46399e-05
-7.5	-1.5	8.54521e-06
-7.5	-1	1.00152e-06
-7.5	-0.5	8.79665e-08
-7.5	0	5.79027e-09
-7.5	0.5	2.85629e-10
-7.5	1	1.05592e-11
-7.5	1.5	2.92536e-13
-7.5	2	6.07368e-15
-7.5	2.5	9.45033e-17
-7.5	3	1.10196e-18
-7.5	3.5	9.62954e-21
-7.5	4	6.30621e-23
-7.5	4.5	3.09496e-25
-7.5	5	1.13832e-27
-7.5	5.5	3.13758e-30
-7.5	6	6.48111e-33
-7.5	6.5	1.00329e-35
-7.5	7	1.16393e-38
-7.5	7.5	1.01193e-41
-7.5	8	6.59317e-45
-7.5	8.5	3.21931e-48
-7.5	9	1.17802e-51
-7.5	9.5	3.23048e-55
-7.5	10	6.63901e-59
-7	-10	1.12684e-09
-7	-9.5	2.07648e-08
-7	-9	2.86757e-07
-7	-8.5	2.96772e-06
-7	-8	2.30174e-05
-7	-7.5	0.000133786
-7	-7	0.000582757
-7	-6.5	0.00190234
-7	-6	0.00465383
-7	-5.5	0.00853211
-7	-5	0.0117226
-7	-4.5	0.0120703
-7	-4	0.00931387
-7	-3.5	0.00538601
-7	-3	0.00233414
-7	-2.5	0.000758069
-7	-2	0.000184507
-7	-1.5	3.36544e-05
-7	-1	4.60036e-06
-7	-0.5	4.71265e-07
-7	0	3.61794e-08
-7	0.5	2.08151e-09
-7	1	8.97472e-11
-7	1.5	2.89991e-12
-7	2	7.02218e-14
-7	2.5	1.27433e-15
-7	3	1.73306e-17
-7	3.5	1.76632e-19
-7	4	1.34911e-21
-7	4.5	7.72232e-24
-7	5	3.31262e-26
-7	5.5	1.06492e-28
-7	6	2.56558e-31
-7	6.5	4.6321e-34
-7	7	6.26747e-37
-7	7.5	6.3552e-40
-7	8	4.82936e-43
-7	8.5	2.75025e-46
-7	9	1.17375e-49
-7	9.5	3.7541e-53
-7	10	8.99821e-57
-6.5	-10	2.89217e-10
-6.5	-9.5	6.21588e-09
-6.5	-9	1.00116e-07
-6.5	-8.5	1.20845e-06
-6.5	-8	1.09314e-05
-6.5	-7.5	7.41043e-05
-6.5	-7	0.000376474
-6.5	-6.5	0.00143334
-6.5	-6	0.00408966
-6.5	-5.5	0.00874476
-6.5	-5	0.014013
-6.5	-4.5	0.0168282
-6.5	-4	0.0151449
-6.5	-3.5	0.0102145
-6.5	-3	0.00516286
-6.5	-2.5	0.00195563
-6.5	-2	0.000555145
-6.5	-1.5	0.0001181
-6.5	-1	1.88284e-05
-6.5	-0.5	2.24958e-06
-6.5	0	2.01424e-07
-6.5	0.5	1.35159e-08
-6.5	1	6.79675e-10
-6.5	1.5	2.56142e-11
-6.5	2	7.23405e-13
-6.5	2.5	1.53111e-14
-6.5	3	2.42858e-16
-6.5	3.5	2.88684e-18
-6.5	4	2.57167e-20
-6.5	4.5	1.71684e-22
-6.5	5	8.5895e-25
-6.5	5.5	3.22054e-27
-6.5	6	9.04924e-30
-6.5	6.5	1.90554e-32
-6.5	7	3.00709e-35
-6.5	7.5	3.5563e-38
-6.5	8	3.1519e-41
-6.5	8.5	2.09349e-44
-6.5	9	1.04205e-47
-6.5	9.5	3.88716e-51
-6.5	10	1.08667e-54
-6	-10	6.61415e-11
-6	-9.5	1.65793e-09
-6	-9	3.11446e-08
-6	-8.5	4.38451e-07
-6	-8	4.62575e-06
-6	-7.5	3.65734e-05
-6	-7	0.000216707
-6	-6.5	0.00096228
-6	-6	0.00320224
-6	-5.5	0.00798598
-6	-5	0.0149254
-6	-4.5	0.0209048
-6	-4	0.0219427
-6	-3.5	0.0172606
-6	-3	0.0101752
-6	-2.5	0.00449526
-6	-2	0.00148829
-6	-1.5	0.000369271
-6	-1	6.86634e-05
-6	-0.5	9.56814e-06
-6	0	9.992e-07
-6	0.5	7.81988e-08
-6	1	4.58639e-09
-6	1.5	2.01588e-10
-6	2	6.64018e-12
-6	2.5	1.63915e-13
-6	3	3.03236e-15
-6	3.5	4.20402e-17
-6	4	4.36789e-19
-6	4.5	3.40096e-21
-6	5	1.98451e-23
-6	5.5	8.67818e-26
-6	6	2.84398e-28
-6	6.5	6.98469e-31
-6	7	1.28556e-33
-6	7.5	1.7732e-36
-6	8	1.83293e-39
-6	8.5	1.4199e-42
-6	9	8.24313e-46
-6	9.5	3.58632e-49
-6	10	1.16931e-52
-5.5	-10	1.34776e-11
-5.5	-9.5	3.94022e-10
-5.5	-9	8.63277e-09
-5.5	-8.5	1.41743e-07
-5.5	-8	1.74413e-06
-5.5	-7.5	1.60834e-05
-5.5	-7	0.000111147
-5.5	-6.5	0.000575628
-5.5	-6	0.00223413
-5.5	-5.5	0.00649827
-5.5	-5	0.0141648
-5.5	-4.5	0.023139
-5.5	-4	0.0283271
-5.5	-3.5	0.0259886
-5.5	-3	0.0178684
-5.5	-2.5	0.00920686
-5.5	-2	0.00355517
-5.5	-1.5	0.0010288
-5.5	-1	0.000223113
-5.5	-0.5	3.62612e-05
-5.5	0	4.41654e-06
-5.5	0.5	4.03129e-07
-5.5	1	2.75759e-08
-5.5	1.5	1.41363e-09
-5.5	2	5.43085e-11
-5.5	2.5	1.56358e-12
-5.5	3	3.37362e-14
-5.5	3.5	5.45501e-16
-5.5	4	6.61024e-18
-5.5	4.5	6.0029e-20
-5.5	5	4.08534e-22
-5.5	5.5	2.08362e-24
-5.5	6	7.96399e-27
-5.5	6.5	2.28121e-29
-5.5	7	4.89693e-32
-5.5	7.5	7.87779e-35
-5.5	8	9.49747e-38
-5.5	8.5	8.58093e-41
-5.5	9	5.81009e-44
-5.5	9.5	2.94819e-47
-5.5	10	1.12111e-50
-5	-10	2.44704e-12
-5	-9.5	8.34377e-11
-5	-9	2.1321e-09
-5	-8.5	4.08295e-08
-5	-8	5.85955e-07
-5	-7.5	6.30199e-06
-5	-7	5.07941e-05
-5	-6.5	0.000306811
-5	-6	0.00138884
-5	-5.5	0.00471147
-5	-5	0.011978
-5	-4.5	0.0228209
-5	-4	0.032584
-5	-3.5	0.0348658
-5	-3	0.0279587
-5	-2.5	0.0168019
-5	-2	0.00756694
-5	-1.5	0.00255391
-5	-1	0.000645974
-5	-0.5	0.000122446
-5	0	1.7394e-05
-5	0.5	1.85173e-06
-5	1	1.47733e-07
-5	1.5	8.83281e-09
-5	2	3.95771e-10
-5	2.5	1.32896e-11
-5	3	3.34428e-13
-5	3.5	6.3069e-15
-5	4	8.91357e-17
-5	4.5	9.44084e-19
-5	5	7.49363e-21
-5	5.5	4.45755e-23
-5	6	1.98712e-25
-5	6.5	6.63855e-28
-5	7	1.66206e-30
-5	7.5	3.11847e-33
-5	8	4.38489e-36
-5	8.5	4.62061e-39
-5	9	3.64891e-42
-5	9.5	2.15948e-45
-5	10	9.57764e-49
-4.5	-10	3.95874e-13
-4.5	-9.5	1.57432e-11
-4.5	-9	4.69195e-10
-4.5	-8.5	1.04794e-08
-4.5	-8	1.75404e-07
-4.5	-7.5	2.20022e-06
-4.5	-7	2.06832e-05
-4.5	-6.5	0.00014571
-4.5	-6	0.000769282
-4.5	-5.5	0.00304372
-4.5	-5	0.00902496
-4.5	-4.5	0.0200544
-4.5	-4	0.0333961
-4.5	-3.5	0.0416779
-4.5	-3	0.0389796
-4.5	-2.5	0.0273207
-4.5	-2	0.0143506
-4.5	-1.5	0.00564898
-4.5	-1	0.00166645
-4.5	-0.5	0.000368417
-4.5	0	6.10391e-05
-4.5	0.5	7.57878e-06
-4.5	1	7.05202e-07
-4.5	1.5	4.91757e-08
-4.5	2	2.56986e-09
-4.5	2.5	1.00645e-10
-4.5	3	2.95391e-12
-4.5	3.5	6.49718e-14
-4.5	4	1.07097e-15
-4.5	4.5	1.32297e-17
-4.5	5	1.22474e-19
-4.5	5.5	8.49697e-22
-4.5	6	4.41779e-24
-4.5	6.5	1.72135e-26
-4.5	7	5.0264e-29
-4.5	7.5	1.09993e-31
-4.5	8	1.80384e-34
-4.5	8.5	2.21694e-37
-4.5	9	2.04189e-40
-4.5	9.5	1.4094e-43
-4.5	10	7.29049e-47
-4	-10	5.70642e-14
-4	-9.5	2.64676e-12
-4	-9	9.20001e-11
-4	-8.5	2.39654e-09
-4	-8	4.67847e-08
-4	-7.5	6.84456e-07
-4	-7	7.5043e-06
-4	-6.5	6.16592e-05
-4	-6	0.000379672
-4	-5.5	0.00175203
-4	-5	0.00605894
-4	-4.5	0.0157027
-4	-4	0.0304984
-4	-3.5	0.0443915
-4	-3	0.0484225
-4	-2.5	0.0395837
-4	-2	0.0242498
-4	-1.5	0.0111333
-4	-1	0.00383055
-4	-0.5	0.000987692
-4	0	0.000190856
-4	0.5	2.76383e-05
-4	1	2.99943e-06
-4	1.5	2.43944e-07
-4	2	1.48684e-08
-4	2.5	6.79144e-10
-4	3	2.32478e-11
-4	3.5	5.96381e-13
-4	4	1.14654e-14
-4	4.5	1.65187e-16
-4	5	1.78356e-18
-4	5.5	1.44318e-20
-4	6	8.75138e-23
-4	6.5	3.977e-25
-4	7	1.35443e-27
-4	7.5	3.45686e-30
-4	8	6.61193e-33
-4	8.5	9.4776e-36
-4	9	1.0181e-38
-4	9.5	8.19608e-42
-4	10	4.94475e-45
-3.5	-10	7.32923e-15
-3.5	-9.5	3.96482e-13
-3.5	-9	1.60736e-11
-3.5	-8.5	4.88341e-10
-3.5	-8	1.11188e-08
-3.5	-7.5	1.8972e-07
-3.5	-7	2.42601e-06
-3.5	-6.5	2.32485e-05
-3.5	-6	0.000166963
-3.5	-5.5	0.000898601
-3.5	-5	0.00362441
-3.5	-4.5	0.0109554
-3.5	-4	0.0248168
-3.5	-3.5	0.0421293
-3.5	-3	0.0535976
-3.5	-2.5	0.051101
-3.5	-2	0.0365121
-3.5	-1.5	0.0195509
-3.5	-1	0.00784545
-3.5	-0.5	0.00235935
-3.5	0	0.000531729
-3.5	0.5	8.98072e-05
-3.5	1	1.13672e-05
-3.5	1.5	1.07825e-06
-3.5	2	7.66494e-08
-3.5	2.5	4.08338e-09
-3.5	3	1.63025e-10
-3.5	3.5	4.87766e-12
-3.5	4	1.09368e-13
-3.5	4.5	1.83778e-15
-3.5	5	2.31429e-17
-3.5	5.5	2.18407e-19
-3.5	6	1.54467e-21
-3.5	6.5	8.1871e-24
-3.5	7	3.25197e-26
-3.5	7.5	9.68022e-29
-3.5	8	2.15947e-31
-3.5	8.5	3.6102e-34
-3.5	9	4.52312e-37
-3.5	9.5	4.24686e-40
-3.5	10	2.98828e-43
-3	-10	8.3877e-16
-3	-9.5	5.29204e-14
-3	-9	2.50222e-12
-3	-8.5	8.86648e-11
-3	-8	2.3545e-09
-3	-7.5	4.68566e-08
-3	-7	6.98818e-07
-3	-6.5	7.81053e-06
-3	-6	6.54214e-05
-3	-5.5	0.00041066
-3	-5	0.00193182
-3	-4.5	0.00681043
-3	-4	0.017993
-3	-3.5	0.0356252
-3	-3	0.0528607
-3	-2.5	0.0587803
-3	-2	0.0489839
-3	-1.5	0.0305912
-3	-1	0.0143174
-3	-0.5	0.00502173
-3	0	0.00131997
-3	0.5	0.000260016
-3	1	3.83847e-05
-3	1.5	4.24657e-06
-3	2	3.5208e-07
-3	2.5	2.1876e-08
-3	3	1.01863e-09
-3	3.5	3.55458e-11
-3	4	9.2957e-13
-3	4.5	1.82179e-14
-3	5	2.67571e-16
-3	5.5	2.94511e-18
-3	6	2.42933e-20
-3	6.5	1.50174e-22
-3	7	6.95704e-25
-3	7.5	2.41534e-27
-3	8	6.28426e-30
-3	8.5	1.22533e-32
-3	9	1.7905e-35
-3	9.5	1.96074e-38
-3	10	1.60911e-41
-2.5	-10	8.55295e-17
-2.5	-9.5	6.29377e-15
-2.5	-9	3.47079e-13
-2.5	-8.5	1.43439e-11
-2.5	-8	4.44253e-10
-2.5	-7.5	1.03114e-08
-2.5	-7	1.7936e-07
-2.5	-6.5	2.33806e-06
-2.5	-6	2.28407e-05
-2.5	-5.5	0.000167219
-2.5	-5	0.000917456
-2.5	-4.5	0.00377231
-2.5	-4	0.0116239
-2.5	-3.5	0.0268423
-2.5	-3	0.0464526
-2.5	-2.5	0.0602453
-2.5	-2	0.0585543
-2.5	-1.5	0.0426498
-2.5	-1	0.0232808
-2.5	-0.5	0.00952363
-2.5	0	0.00291964
-2.5	0.5	0.000670778
-2.5	1	0.000115492
-2.5	1.5	1.49021e-05
-2.5	2	1.441e-06
-2.5	2.5	1.04425e-07
-2.5	3	5.6711e-09
-2.5	3.5	2.30809e-10
-2.5	4	7.03983e-12
-2.5	4.5	1.60914e-13
-2.5	5	2.75644e-15
-2.5	5.5	3.53855e-17
-2.5	6	3.40428e-19
-2.5	6.5	2.45441e-21
-2.5	7	1.32615e-23
-2.5	7.5	5.36983e-26
-2.5	8	1.62949e-28
-2.5	8.5	3.70565e-31
-2.5	9	6.3154e-34
-2.5	9.5	8.06602e-37
-2.5	10	7.72042e-40
-2	-10	7.77103e-18
-2	-9.5	6.66941e-16
-2	-9	4.28963e-14
-2	-8.5	2.06764e-12
-2	-8	7.46881e-11
-2	-7.5	2.02186e-09
-2	-7	4.1018e-08
-2	-6.5	6.2362e-07
-2	-6	7.1054e-06
-2	-5.5	6.06707e-05
-2	-5	0.000388234
-2	-4.5	0.00186179
-2	-4	0.00669097
-2	-3.5	0.0180207
-2	-3	0.0363727
-2	-2.5	0.0550178
-2	-2	0.0623669
-2	-1.5	0.0529818
-2	-1	0.0337305
-2	-0.5	0.0160932
-2	0	0.00575417
-2	0.5	0.00154187
-2	1	0.000309623
-2	1.5	4.65954e-05
-2	2	5.25503e-06
-2	2.5	4.44151e-07
-2	3	2.81325e-08
-2	3.5	1.33539e-09
-2	4	4.75042e-11
-2	4.5	1.26642e-12
-2	5	2.53015e-14
-2	5.5	3.78824e-16
-2	6	4.25062e-18
-2	6.5	3.57429e-20
-2	7	2.25242e-22
-2	7.5	1.06373e-24
-2	8	3.76475e-27
-2	8.5	9.98538e-30
-2	9	1.98479e-32
-2	9.5	2.95657e-35
-2	10	3.30054e-38
-1.5	-10	6.29115e-19
-1.5	-9.5	6.29729e-17
-1.5	-9	4.72389e-15
-1.5	-8.5	2.65564e-13
-1.5	-8	1.11882e-11
-1.5	-7.5	3.53245e-10
-1.5	-7	8.35821e-09
-1.5	-6.5	1.48209e-07
-1.5	-6	1.9695e-06
-1.5	-5.5	1.96138e-05
-1.5	-5	0.000146383
-1.5	-4.5	0.000818731
-1.5	-4	0.00343175
-1.5	-3.5	0.0107798
-1.5	-3	0.0253765
-1.5	-2.5	0.0447686
-1.5	-2	0.0591886
-1.5	-1.5	0.0586443
-1.5	-1	0.0435448
-1.5	-0.5	0.0242309
-1.5	0	0.0101047
-1.5	0.5	0.00315794
-1.5	1	0.000739613
-1.5	1.5	0.000129816
-1.5	2	1.70756e-05
-1.5	2.5	1.68324e-06
-1.5	3	1.24348e-07
-1.5	3.5	6.88418e-09
-1.5	4	2.85621e-10
-1.5	4.5	8.88077e-12
-1.5	5	2.06935e-13
-1.5	5.5	3.6136e-15
-1.5	6	4.72899e-17
-1.5	6.5	4.63789e-19
-1.5	7	3.40875e-21
-1.5	7.5	1.87755e-23
-1.5	8	7.75017e-26
-1.5	8.5	2.39747e-28
-1.5	9	5.55801e-31
-1.5	9.5	9.65622e-34
-1.5	10	1.25724e-36
-1	-10	4.53806e-20
-1	-9.5	5.29796e-18
-1	-9	4.63521e-16
-1	-8.5	3.03916e-14
-1	-8	1.49334e-12
-1	-7.5	5.49907e-11
-1	-7	1.51754e-09
-1	-6.5	3.13845e-08
-1	-6	4.86422e-07
-1	-5.5	5.6498e-06
-1	-5	4.91786e-05
-1	-4.5	0.000320805
-1	-4	0.0015683
-1	-3.5	0.00574568
-1	-3	0.0157752
-1	-2.5	0.0324587
-1	-2	0.0500508
-1	-1.5	0.057838
-1	-1	0.0500885
-1	-0.5	0.0325077
-1	0	0.0158109
-1	0.5	0.00576301
-1	1	0.00157422
-1	1.5	0.000322258
-1	2	4.94385e-05
-1	2.5	5.68393e-06
-1	3	4.89729e-07
-1	3.5	3.16217e-08
-1	4	1.53016e-09
-1	4.5	5.54898e-11
-1	5	1.50803e-12
-1	5.5	3.07136e-14
-1	6	4.68786e-16
-1	6.5	5.36217e-18
-1	7	4.59652e-20
-1	7.5	2.95285e-22
-1	8	1.42159e-24
-1	8.5	5.129e-27
-1	9	1.38679e-29
-1	9.5	2.81005e-32
-1	10	4.26717e-35
-0.5	-10	2.91676e-21
-0.5	-9.5	3.97148e-19
-0.5	-9	4.05255e-17
-0.5	-8.5	3.09904e-15
-0.5	-8	1.77602e-13
-0.5	-7.5	7.62766e-12
-0.5	-7	2.45504e-10
-0.5	-6.5	5.92171e-09
-0.5	-6	1.07043e-07
-0.5	-5.5	1.45009e-06
-0.5	-5	1.47215e-05
-0.5	-4.5	0.000112003
-0.5	-4	0.000638608
-0.5	-3.5	0.00272873
-0.5	-3	0.00873792
-0.5	-2.5	0.0209691
-0.5	-2	0.0377115
-0.5	-1.5	0.0508265
-0.5	-1	0.0513369
-0.5	-0.5	0.038859
-0.5	0	0.0220433
-0.5	0.5	0.00937096
-0.5	1	0.00298548
-0.5	1.5	0.0007128
-0.5	2	0.000127539
-0.5	2.5	1.71018e-05
-0.5	3	1.71856e-06
-0.5	3.5	1.29422e-07
-0.5	4	7.30423e-09
-0.5	4.5	3.08933e-10
-0.5	5	9.79211e-12
-0.5	5.5	2.32601e-13
-0.5	6	4.14066e-15
-0.5	6.5	5.52395e-17
-0.5	7	5.52272e-19
-0.5	7.5	4.13789e-21
-0.5	8	2.32342e-23
-0.5	8.5	9.77687e-26
-0.5	9	3.08315e-28
-0.5	9.5	7.28637e-31
-0.5	10	1.29048e-33
0	-10	1.67039e-22
0	-9.5	2.65269e-20
0	-9	3.15701e-18
0	-8.5	2.81572e-16
0	-8	1.88202e-14
0	-7.5	9.4272e-13
0	-7	3.53886e-11
0	-6.5	9.9556e-10
0	-6	2.09891e-08
0	-5.5	3.31622e-07
0	-5	3.92659e-06
0	-4.5	3.48425e-05
0	-4	0.000231701
0	-3.5	0.0011547
0	-3	0.00431251
0	-2.5	0.0120703
0	-2	0.0253177
0	-1.5	0.0397975
0	-1	0.0468824
0	-0.5	0.0413892
0	0	0.0273833
0	0.5	0.0135771
0	1	0.00504491
0	1.5	0.00140482
0	2	0.000293164
0	2.5	4.58484e-05
0	3	5.37354e-06
0	3.5	4.71975e-07
0	4	3.10671e-08
0	4.5	1.53251e-09
0	5	5.66541e-11
0	5.5	1.56957e-12
0	6	3.25877e-14
0	6.5	5.07047e-16
0	7	5.91243e-18
0	7.5	5.16663e-20
0	8	3.38353e-22
0	8.5	1.66057e-24
0	9	6.10753e-27
0	9.5	1.68344e-29
0	10	3.47737e-32
0.5	-10	8.52367e-24
0.5	-9.5	1.57873e-21
0.5	-9	2.19136e-19
0.5	-8.5	2.2795e-17
0.5	-8	1.77701e-15
0.5	-7.5	1.03816e-13
0.5	-7	4.54526e-12
0.5	-6.5	1.49134e-10
0.5	-6	3.66706e-09
0.5	-5.5	6.75744e-08
0.5	-5	9.33186e-07
0.5	-4.5	9.65779e-06
0.5	-4	7.49048e-05
0.5	-3.5	0.000435376
0.5	-3	0.00189645
0.5	-2.5	0.00619073
0.5	-2	0.0151449
0.5	-1.5	0.0277658
0.5	-1	0.0381487
0.5	-0.5	0.0392799
0.5	0	0.0303099
0.5	0.5	0.0175276
0.5	1	0.00759593
0.5	1.5	0.00246696
0.5	2	0.000600438
0.5	2.5	0.000109521
0.5	3	1.49708e-05
0.5	3.5	1.53363e-06
0.5	4	1.17738e-07
0.5	4.5	6.77382e-09
0.5	5	2.92062e-10
0.5	5.5	9.43712e-12
0.5	6	2.28521e-13
0.5	6.5	4.14702e-15
0.5	7	5.63986e-17
0.5	7.5	5.74809e-19
0.5	8	4.39037e-21
0.5	8.5	2.51306e-23
0.5	9	1.07802e-25
0.5	9.5	3.46555e-28
0.5	10	8.34912e-31
1	-10	3.87547e-25
1	-9.5	8.37183e-23
1	-9	1.35531e-20
1	-8.5	1.6443e-18
1	-8	1.49502e-16
1	-7.5	1.01867e-14
1	-7	5.20167e-13
1	-6.5	1.99056e-11
1	-6	5.70862e-10
1	-5.5	1.2269e-08
1	-5	1.97611e-07
1	-4.5	2.38525e-06
1	-4	2.15765e-05
1	-3.5	0.000146268
1	-3	0.000743092
1	-2.5	0.00282916
1	-2	0.00807225
1	-1.5	0.0172606
1	-1	0.0276591
1	-0.5	0.0332157
1	0	0.0298932
1	0.5	0.0201615
1	1	0.0101905
1	1.5	0.00386006
1	2	0.00109576
1	2.5	0.000233107
1	3	3.71639e-05
1	3.5	4.44026e-06
1	4	3.97575e-07
1	4.5	2.66779e-08
1	5	1.34155e-09
1	5.5	5.05577e-11
1	6	1.42787e-12
1	6.5	3.02213e-14
1	7	4.79358e-16
1	7.5	5.69809e-18
1	8	5.076e-20
1	8.5	3.38873e-22
1	9	1.69541e-24
1	9.5	6.35676e-27
1	10	1.78615e-29
1.5	-10	1.57004e-26
1.5	-9.5	3.95568e-24
1.5	-9	7.46886e-22
1.5	-8.5	1.05684e-19
1.5	-8	1.1207e-17
1.5	-7.5	8.90619e-16
1.5	-7	5.30416e-14
1.5	-6.5	2.36736e-12
1.5	-6	7.91833e-11
1.5	-5.5	1.98485e-09
1.5	-5	3.72857e-08
1.5	-4.5	5.24905e-07
1.5	-4	5.53786e-06
1.5	-3.5	4.3785e-05
1.5	-3	0.000259437
1.5	-2.5	0.00115202
1.5	-2	0.00383366
1.5	-1.5	0.00956067
1.5	-1	0.0178684
1.5	-0.5	0.0250268
1.5	0	0.0262693
1.5	0.5	0.020664
1.5	1	0.0121816
1.5	1.5	0.00538164
1.5	2	0.00178176
1.5	2.5	0.000442085
1.5	3	8.22025e-05
1.5	3.5	1.14548e-05
1.5	4	1.19622e-06
1.5	4.5	9.36181e-08
1.5	5	5.49074e-09
1.5	5.5	2.41337e-10
1.5	6	7.9495e-12
1.5	6.5	1.96236e-13
1.5	7	3.63028e-15
1.5	7.5	5.03297e-17
1.5	8	5.22915e-19
1.5	8.5	4.07156e-21
1.5	9	2.37582e-23
1.5	9.5	1.03894e-25
1.5	10	3.40476e-28
2	-10	5.66742e-28
2	-9.5	1.66537e-25
2	-9	3.6674e-23
2	-8.5	6.05243e-21
2	-8	7.48554e-19
2	-7.5	6.93809e-17
2	-7	4.81924e-15
2	-6.5	2.50865e-13
2	-6	9.78645e-12
2	-5.5	2.8611e-10
2	-5	6.26849e-09
2	-4.5	1.02924e-07
2	-4	1.26646e-06
2	-3.5	1.16786e-05
2	-3	8.07069e-05
2	-2.5	0.000417979
2	-2	0.00162226
2	-1.5	0.00471857
2	-1	0.0102854
2	-0.5	0.0168019
2	0	0.0205691
2	0.5	0.018871
2	1	0.0129747
2	1.5	0.00668535
2	2	0.0025815
2	2.5	0.00074704
2	3	0.000162009
2	3.5	2.63302e-05
2	4	3.20697e-06
2	4.5	2.92723e-07
2	5	2.00236e-08
2	5.5	1.02648e-09
2	6	3.94348e-11
2	6.5	1.13536e-12
2	7	2.44968e-14
2	7.5	3.96103e-16
2	8	4.79987e-18
2	8.5	4.35887e-20
2	9	2.96648e-22
2	9.5	1.51297e-24
2	10	5.78287e-27
2.5	-10	1.82284e-29
2.5	-9.5	6.24726e-27
2.5	-9	1.60455e-24
2.5	-8.5	3.08843e-22
2.5	-8	4.45498e-20
2.5	-7.5	4.81589e-18
2.5	-7	3.90149e-16
2.5	-6.5	2.36868e-14
2.5	-6	1.07772e-12
2.5	-5.5	3.67475e-11
2.5	-5	9.39015e-10
2.5	-4.5	1.79821e-08
2.5	-4	2.58066e-07
2.5	-3.5	2.77551e-06
2.5	-3	2.23706e-05
2.5	-2.5	0.000135125
2.5	-2	0.000611671
2.5	-1.5	0.00207502
2.5	-1	0.00527532
2.5	-0.5	0.0100507
2.5	0	0.0143506
2.5	0.5	0.0153555
2.5	1	0.0123135
2.5	1.5	0.00739985
2.5	2	0.00333262
2.5	2.5	0.00112479
2.5	3	0.000284499
2.5	3.5	5.39277e-05
2.5	4	7.66065e-06
2.5	4.5	8.15535e-07
2.5	5	6.50642e-08
2.5	5.5	3.89013e-09
2.5	6	1.74305e-10
2.5	6.5	5.85298e-12
2.5	7	1.47288e-13
2.5	7.5	2.77767e-15
2.5	8	3.9257e-17
2.5	8.5	4.15792e-19
2.5	9	3.30033e-21
2.5	9.5	1.96319e-23
2.5	10	8.75163e-26
3	-10	5.224e-31
3	-9.5	2.08813e-28
3	-9	6.2551e-26
3	-8.5	1.40422e-23
3	-8	2.36242e-21
3	-7.5	2.97853e-19
3	-7	2.8143e-17
3	-6.5	1.99279e-15
3	-6	1.05749e-13
3	-5.5	4.20545e-12
3	-5	1.25335e-10
3	-4.5	2.79932e-09
3	-4	4.68552e-08
3	-3.5	5.8774e-07
3	-3	5.52504e-06
3	-2.5	3.89232e-05
3	-2	0.000205496
3	-1.5	0.00081306
3	-1	0.00241081
3	-0.5	0.00535707
3	0	0.00892101
3	0.5	0.0111333
3	1	0.0104125
3	1.5	0.00729811
3	2	0.00383344
3	2.5	0.001509
3	3	0.000445155
3	3.5	9.84141e-05
3	4	1.63052e-05
3	4.5	2.0245e-06
3	5	1.88379e-07
3	5.5	1.31362e-08
3	6	6.8648e-10
3	6.5	2.6885e-11
3	7	7.8907e-13
3	7.5	1.73557e-14
3	8	2.86084e-16
3	8.5	3.53401e-18
3	9	3.27162e-20
3	9.5	2.26977e-22
3	10	1.18011e-24
3.5	-10	1.33397e-32
3.5	-9.5	6.21891e-30
3.5	-9	2.17273e-27
3.5	-8.5	5.6888e-25
3.5	-8	1.11624e-22
3.5	-7.5	1.64141e-20
3.5	-7	1.80884e-18
3.5	-6.5	1.49385e-16
3.5	-6	9.24558e-15
3.5	-5.5	4.2883e-13
3.5	-5	1.49059e-11
3.5	-4.5	3.88289e-10
3.5	-4	7.5801e-09
3.5	-3.5	1.10896e-07
3.5	-3	1.21585e-06
3.5	-2.5	9.99008e-06
3.5	-2	6.15147e-05
3.5	-1.5	0.000283865
3.5	-1	0.000981675
3.5	-0.5	0.00254417
3.5	0	0.00494137
3.5	0.5	0.00719236
3.5	1	0.00784545
3.5	1.5	0.00641338
3.5	2	0.00392898
3.5	2.5	0.00180382
3.5	3	0.000620629
3.5	3.5	0.000160027
3.5	4	3.09226e-05
3.5	4.5	4.47797e-06
3.5	5	4.85971e-07
3.5	5.5	3.95241e-08
3.5	6	2.40899e-09
3.5	6.5	1.10035e-10
3.5	7	3.76662e-12
3.5	7.5	9.66261e-14
3.5	8	1.85763e-15
3.5	8.5	2.67638e-17
3.5	9	2.88974e-19
3.5	9.5	2.33825e-21
3.5	10	1.41791e-23
4	-10	3.03513e-34
4	-9.5	1.65029e-31
4	-9	6.7246e-29
4	-8.5	2.0535e-26
4	-8	4.69946e-24
4	-7.5	8.05976e-22
4	-7	1.0359e-19
4	-6.5	9.97791e-18
4	-6	7.20248e-16
4	-5.5	3.89626e-14
4	-5	1.57956e-12
4	-4.5	4.79896e-11
4	-4	1.09265e-09
4	-3.5	1.86439e-08
4	-3	2.38406e-07
4	-2.5	2.28464e-06
4	-2	1.64075e-05
4	-1.5	8.83061e-05
4	-1	0.000356173
4	-0.5	0.0010766
4	0	0.00243876
4	0.5	0.00414007
4	1	0.00526707
4	1.5	0.00502173
4	2	0.00358806
4	2.5	0.00192127
4	3	0.000770977
4	3.5	0.000231855
4	4	5.22534e-05
4	4.5	8.8254e-06
4	5	1.11706e-06
4	5.5	1.0596e-07
4	6	7.53238e-09
4	6.5	4.01277e-10
4	7	1.60206e-11
4	7.5	4.7933e-13
4	8	1.07477e-14
4	8.5	1.806e-16
4	9	2.27427e-18
4	9.5	2.1463e-20
4	10	1.51796e-22
4.5	-10	6.15315e-36
4.5	-9.5	3.90207e-33
4.5	-9	1.85446e-30
4.5	-8.5	6.60481e-28
4.5	-8	1.76289e-25
4.5	-7.5	3.52627e-23
4.5	-7	5.286e-21
4.5	-6.5	5.9383e-19
4.5	-6	4.99941e-17
4.5	-5.5	3.15427e-15
4.5	-5	1.49143e-13
4.5	-4.5	5.28479e-12
4.5	-4	1.40338e-10
4.5	-3.5	2.79284e-09
4.5	-3	4.16525e-08
4.5	-2.5	4.6554e-07
4.5	-2	3.89939e-06
4.5	-1.5	2.4477e-05
4.5	-1	0.000115144
4.5	-0.5	0.00040593
4.5	0	0.00107246
4.5	0.5	0.00212341
4.5	1	0.00315072
4.5	1.5	0.00350355
4.5	2	0.00291964
4.5	2.5	0.00182336
4.5	3	0.000853375
4.5	3.5	0.000299316
4.5	4	7.86759e-05
4.5	4.5	1.5498e-05
4.5	5	2.28789e-06
4.5	5.5	2.53113e-07
4.5	6	2.09854e-08
4.5	6.5	1.3039e-09
4.5	7	6.07146e-11
4.5	7.5	2.11867e-12
4.5	8	5.54062e-14
4.5	8.5	1.08586e-15
4.5	9	1.59483e-17
4.5	9.5	1.75541e-19
4.5	10	1.44798e-21
5	-10	1.11149e-37
5	-9.5	8.22091e-35
5	-9	4.55675e-32
5	-8.5	1.89284e-29
5	-8	5.89243e-27
5	-7.5	1.37467e-24
5	-7	2.40339e-22
5	-6.5	3.149e-20
5	-6	3.09204e-18
5	-5.5	2.27531e-16
5	-5	1.25475e-14
5	-4.5	5.18558e-13
5	-4	1.60605e-11
5	-3.5	3.72774e-10
5	-3	6.48416e-09
5	-2.5	8.4525e-08
5	-2	8.25731e-07
5	-1.5	6.04526e-06
5	-1	3.31676e-05
5	-0.5	0.000136376
5	0	0.000420225
5	0.5	0.000970396
5	1	0.00167934
5	1.5	0.00217797
5	2	0.00211684
5	2.5	0.00154187
5	3	0.000841643
5	3.5	0.000344296
5	4	0.00010555
5	4.5	2.42498e-05
5	5	4.17523e-06
5	5.5	5.38735e-07
5	6	5.20946e-08
5	6.5	3.77514e-09
5	7	2.0502e-10
5	7.5	8.34416e-12
5	8	2.54502e-13
5	8.5	5.81732e-15
5	9	9.965e-17
5	9.5	1.27925e-18
5	10	1.2307e-20
5.5	-10	1.78898e-39
5.5	-9.5	1.54324e-36
5.5	-9	9.97662e-34
5.5	-8.5	4.83343e-31
5.5	-8	1.7549e-28
5.5	-7.5	4.77496e-26
5.5	-7	9.73667e-24
5.5	-6.5	1.4879e-21
5.5	-6	1.70396e-19
5.5	-5.5	1.46241e-17
5.5	-5	9.40592e-16
5.5	-4.5	4.53373e-14
5.5	-4	1.6377e-12
5.5	-3.5	4.43336e-11
5.5	-3	8.99407e-10
5.5	-2.5	1.36742e-08
5.5	-2	1.55801e-07
5.5	-1.5	1.33034e-06
5.5	-1	8.51285e-06
5.5	-0.5	4.08236e-05
5.5	0	0.000146714
5.5	0.5	0.000395142
5.5	1	0.00079755
5.5	1.5	0.00120638
5.5	2	0.00136753
5.5	2.5	0.00116174
5.5	3	0.000739613
5.5	3.5	0.000352877
5.5	4	0.000126172
5.5	4.5	3.38087e-05
5.5	5	6.78915e-06
5.5	5.5	1.0217e-06
5.5	6	1.15228e-07
5.5	6.5	9.73895e-09
5.5	7	6.16865e-10
5.5	7.5	2.92813e-11
5.5	8	1.04163e-12
5.5	8.5	2.7769e-14
5.5	9	5.5479e-16
5.5	9.5	8.30654e-18
5.5	10	9.32039e-20
6	-10	2.56563e-41
6	-9.5	2.58128e-38
6	-9	1.94626e-35
6	-8.5	1.09973e-32
6	-8	4.65691e-30
6	-7.5	1.47785e-27
6	-7	3.51468e-25
6	-6.5	6.26417e-23
6	-6	8.3669e-21
6	-5.5	8.37507e-19
6	-5	6.28253e-17
6	-4.5	3.53186e-15
6	-4	1.48798e-13
6	-3.5	4.69797e-12
6	-3	1.1116e-10
6	-2.5	1.9711e-09
6	-2	2.61933e-08
6	-1.5	2.60853e-07
6	-1	1.94682e-06
6	-0.5	1.08887e-05
6	0	4.56404e-05
6	0.5	0.000143366
6	1	0.000337494
6	1.5	0.000595399
6	2	0.000787177
6	2.5	0.000779938
6	3	0.000579123
6	3.5	0.000322258
6	4	0.000134388
6	4.5	4.19989e-05
6	5	9.83647e-06
6	5.5	1.72649e-06
6	6	2.27096e-07
6	6.5	2.23862e-08
6	7	1.65376e-09
6	7.5	9.15561e-11
6	8	3.79861e-12
6	8.5	1.1811e-13
6	9	2.75213e-15
6	9.5	4.8059e-17
6	10	6.28932e-19
6.5	-10	3.27847e-43
6.5	-9.5	3.84705e-40
6.5	-9	3.38303e-37
6.5	-8.5	2.2295e-34
6.5	-8	1.10111e-31
6.5	-7.5	4.07549e-29
6.5	-7	1.13045e-26
6.5	-6.5	2.34986e-24
6.5	-6	3.66065e-22
6.5	-5.5	4.27362e-20
6.5	-5	3.73901e-18
6.5	-4.5	2.45155e-16
6.5	-4	1.20461e-14
6.5	-3.5	4.43585e-13
6.5	-3	1.22413e-11
6.5	-2.5	2.53165e-10
6.5	-2	3.92374e-09
6.5	-1.5	4.55744e-08
6.5	-1	3.96701e-07
6.5	-0.5	2.58779e-06
6.5	0	1.26508e-05
6.5	0.5	4.63477e-05
6.5	1	0.000127251
6.5	1.5	0.00026183
6.5	2	0.000403737
6.5	2.5	0.000466553
6.5	3	0.000404041
6.5	3.5	0.000262224
6.5	4	0.000127539
6.5	4.5	4.64875e-05
6.5	5	1.26985e-05
6.5	5.5	2.59951e-06
6.5	6	3.98798e-07
6.5	6.5	4.58497e-08
6.5	7	3.95042e-09
6.5	7.5	2.55078e-10
6.5	8	1.23431e-11
6.5	8.5	4.47611e-13
6.5	9	1.21646e-14
6.5	9.5	2.47753e-16
6.5	10	3.78148e-18
7	-10	3.73282e-45
7	-9.5	5.10867e-42
7	-9	5.23964e-39
7	-8.5	4.02734e-36
7	-8	2.31983e-33
7	-7.5	1.00143e-30
7	-7	3.23969e-28
7	-6.5	7.85435e-26
7	-6	1.42705e-23
7	-5.5	1.94309e-21
7	-5	1.98275e-19
7	-4.5	1.51624e-17
7	-4	8.68936e-16
7	-3.5	3.73191e-14
7	-3	1.20115e-12
7	-2.5	2.89726e-11
7	-2	5.2372e-10
7	-1.5	7.0947e-09
7	-1	7.20263e-08
7	-0.5	5.47989e-07
7	0	3.12446e-06
7	0.5	1.33506e-05
7	1	4.27512e-05
7	1.5	0.000102593
7	2	0.000184507
7	2.5	0.000248674
7	3	0.000251171
7	3.5	0.000190122
7	4	0.000107849
7	4.5	4.58484e-05
7	5	1.46068e-05
7	5.5	3.48745e-06
7	6	6.23999e-07
7	6.5	8.36724e-08
7	7	8.40821e-09
7	7.5	6.3321e-10
7	8	3.57367e-11
7	8.5	1.51149e-12
7	9	4.7909e-14
7	9.5	1.13802e-15
7	10	2.02586e-17
7.5	-10	3.78698e-47
7.5	-9.5	6.04474e-44
7.5	-9	7.23079e-41
7.5	-8.5	6.48212e-38
7.5	-8	4.35482e-35
7.5	-7.5	2.19254e-32
7.5	-7	8.27267e-30
7.5	-6.5	2.3392e-27
7.5	-6	4.95692e-25
7.5	-5.5	7.87189e-23
7.5	-5	9.36848e-21
7.5	-4.5	8.35568e-19
7.5	-4	5.58493e-17
7.5	-3.5	2.79754e-15
7.5	-3	1.05016e-13
7.5	-2.5	2.95434e-12
7.5	-2	6.22855e-11
7.5	-1.5	9.84093e-10
7.5	-1	1.16522e-08
7.5	-0.5	1.03396e-07
7.5	0	6.87575e-07
7.5	0.5	3.42658e-06
7.5	1	1.27975e-05
7.5	1.5	3.58187e-05
7.5	2	7.51307e-05
7.5	2.5	0.0001181
7.5	3	0.000139124
7.5	3.5	0.000122823
7.5	4	8.12604e-05
7.5	4.5	4.02904e-05
7.5	5	1.49708e-05
7.5	5.5	4.16883e-06
7.5	6	8.6997e-07
7.5	6.5	1.36056e-07
7.5	7	1.59461e-08
7.5	7.5	1.40059e-09
7.5	8	9.2192e-11
7.5	8.5	4.54776e-12
7.5	9	1.68122e-13
7.5	9.5	4.65773e-15
7.5	10	9.67044e-17
8	-10	3.42324e-49
8	-9.5	6.3729e-46
8	-9	8.89118e-43
8	-8.5	9.29618e-40
8	-8	7.28405e-37
8	-7.5	4.27724e-34
8	-7	1.88225e-31
8	-6.5	6.20745e-29
8	-6	1.53417e-26
8	-5.5	2.84154e-24
8	-5	3.9442e-22
8	-4.5	4.10286e-20
8	-4	3.19843e-18
8	-3.5	1.86857e-16
8	-3	8.18097e-15
8	-2.5	2.68425e-13
8	-2	6.6003e-12
8	-1.5	1.21626e-10
8	-1	1.67963e-09
8	-0.5	1.73829e-08
8	0	1.3482e-07
8	0.5	7.83628e-07
8	1	3.4134e-06
8	1.5	1.11426e-05
8	2	2.72591e-05
8	2.5	4.99754e-05
8	3	6.86634e-05
8	3.5	7.06995e-05
8	4	5.45545e-05
8	4.5	3.15477e-05
8	5	1.36718e-05
8	5.5	4.44026e-06
8	6	1.08072e-06
8	6.5	1.97125e-07
8	7	2.69458e-08
8	7.5	2.76036e-09
8	8	2.11915e-10
8	8.5	1.21921e-11
8	9	5.25679e-13
8	9.5	1.69858e-14
8	10	4.11313e-16
8.5	-10	2.75721e-51
8.5	-9.5	5.98666e-48
8.5	-9	9.74141e-45
8.5	-8.5	1.18791e-41
8.5	-8	1.08559e-38
8.5	-7.5	7.43481e-36
8.5	-7	3.81591e-33
8.5	-6.5	1.46774e-30
8.5	-6	4.2308e-28
8.5	-5.5	9.13942e-26
8.5	-5	1.47958e-23
8.5	-4.5	1.79506e-21
8.5	-4	1.63209e-19
8.5	-3.5	1.11207e-17
8.5	-3	5.6786e-16
8.5	-2.5	2.17307e-14
8.5	-2	6.23204e-13
8.5	-1.5	1.33939e-11
8.5	-1	2.15729e-10
8.5	-0.5	2.60395e-09
8.5	0	2.35548e-08
8.5	0.5	1.59679e-07
8.5	1	8.11224e-07
8.5	1.5	3.08856e-06
8.5	2	8.81238e-06
8.5	2.5	1.88432e-05
8.5	3	3.01951e-05
8.5	3.5	3.62612e-05
8.5	4	3.2634e-05
8.5	4.5	2.20101e-05
8.5	5	1.11249e-05
8.5	5.5	4.21398e-06
8.5	6	1.19622e-06
8.5	6.5	2.5448e-07
8.5	7	4.05714e-08
8.5	7.5	4.84738e-09
8.5	8	4.34028e-10
8.5	8.5	2.9124e-11
8.5	9	1.46456e-12
8.5	9.5	5.51932e-14
8.5	10	1.55879e-15
9	-10	1.97876e-53
9	-9.5	5.01097e-50
9	-9	9.50985e-47
9	-8.5	1.35253e-43
9	-8	1.4416e-40
9	-7.5	1.1515e-37
9	-7	6.89299e-35
9	-6.5	3.09224e-32
9	-6	1.03959e-29
9	-5.5	2.61922e-27
9	-5	4.94545e-25
9	-4.5	6.99781e-23
9	-4	7.42064e-21
9	-3.5	5.89716e-19
9	-3	3.51211e-17
9	-2.5	1.56753e-15
9	-2	5.24306e-14
9	-1.5	1.31425e-12
9	-1	2.46884e-11
9	-0.5	3.47562e-10
9	0	3.66685e-09
9	0.5	2.89919e-08
9	1	1.71784e-07
9	1.5	7.62803e-07
9	2	2.53843e-06
9	2.5	6.33052e-06
9	3	1.18314e-05
9	3.5	1.65713e-05
9	4	1.7394e-05
9	4.5	1.36825e-05
9	5	8.06593e-06
9	5.5	3.56341e-06
9	6	1.17978e-06
9	6.5	2.92723e-07
9	7	5.44297e-08
9	7.5	7.5847e-09
9	8	7.9207e-10
9	8.5	6.19885e-11
9	9	3.63565e-12
9	9.5	1.59799e-13
9	10	5.2637e-15
9.5	-10	1.26533e-55
9.5	-9.5	3.73722e-52
9.5	-9	8.27207e-49
9.5	-8.5	1.37216e-45
9.5	-8	1.70575e-42
9.5	-7.5	1.58909e-39
9.5	-7	1.10945e-36
9.5	-6.5	5.80479e-34
9.5	-6	2.27609e-31
9.5	-5.5	6.68828e-29
9.5	-5	1.47286e-26
9.5	-4.5	2.43071e-24
9.5	-4	3.00626e-22
9.5	-3.5	2.7864e-20
9.5	-3	1.93545e-18
9.5	-2.5	1.0075e-16
9.5	-2	3.93033e-15
9.5	-1.5	1.14904e-13
9.5	-1	2.51748e-12
9.5	-0.5	4.13352e-11
9.5	0	5.08622e-10
9.5	0.5	4.69022e-09
9.5	1	3.24127e-08
9.5	1.5	1.67864e-07
9.5	2	6.51516e-07
9.5	2.5	1.89502e-06
9.5	3	4.13073e-06
9.5	3.5	6.74779e-06
9.5	4	8.26074e-06
9.5	4.5	7.57878e-06
9.5	5	5.21078e-06
9.5	5.5	2.6849e-06
9.5	6	1.03676e-06
9.5	6.5	3.00019e-07
9.5	7	6.50642e-08
9.5	7.5	1.05745e-08
9.5	8	1.28795e-09
9.5	8.5	1.1756e-10
9.5	9	8.04166e-12
9.5	9.5	4.12243e-13
9.5	10	1.58374e-14
10	-10	7.2095e-58
10	-9.5	2.4835e-54
10	-9	6.41127e-51
10	-8.5	1.24036e-47
10	-8	1.79835e-44
10	-7.5	1.95399e-41
10	-7	1.59109e-38
10	-6.5	9.70932e-36
10	-6	4.44024e-33
10	-5.5	1.52176e-30
10	-5	3.90849e-28
10	-4.5	7.52306e-26
10	-4	1.08518e-23
10	-3.5	1.1731e-21
10	-3	9.50358e-20
10	-2.5	5.76984e-18
10	-2	2.6252e-16
10	-1.5	8.95127e-15
10	-1	2.28733e-13
10	-0.5	4.38023e-12
10	0	6.28618e-11
10	0.5	6.76082e-10
10	1	5.44923e-09
10	1.5	3.2915e-08
10	2	1.48996e-07
10	2.5	5.05451e-07
10	3	1.28501e-06
10	3.5	2.44824e-06
10	4	3.49564e-06
10	4.5	3.74043e-06
10	5	2.99943e-06
10	5.5	1.80252e-06
10	6	8.11788e-07
10	6.5	2.73986e-07
10	7	6.93006e-08
10	7.5	1.31362e-08
10	8	1.86605e-09
10	8.5	1.98655e-10
10	9	1.58489e-11
10	9.5	9.47592e-13
10	10	4.24587e-14
10.5	-10	3.66012e-60
10.5	-9.5	1.47051e-56
10.5	-9	4.42755e-53
10.5	-8.5	9.99036e-50
10.5	-8	1.68936e-46
10.5	-7.5	2.14085e-43
10.5	-7	2.03316e-40
10.5	-6.5	1.44704e-37
10.5	-6	7.71813e-35
10.5	-5.5	3.08508e-32
10.5	-5	9.24153e-30
10.5	-4.5	2.07465e-27
10.5	-4	3.49033e-25
10.5	-3.5	4.4006e-23
10.5	-3	4.15796e-21
10.5	-2.5	2.94423e-19
10.5	-2	1.56237e-17
10.5	-1.5	6.21329e-16
10.5	-1	1.85174e-14
10.5	-0.5	4.13583e-13
10.5	0	6.92257e-12
10.5	0.5	8.6835e-11
10.5	1	8.16291e-10
10.5	1.5	5.75066e-09
10.5	2	3.03608e-08
10.5	2.5	1.20125e-07
10.5	3	3.56183e-07
10.5	3.5	7.91475e-07
10.5	4	1.31802e-06
10.5	4.5	1.64488e-06
10.5	5	1.53839e-06
10.5	5.5	1.07825e-06
10.5	6	5.66367e-07
10.5	6.5	2.22945e-07
10.5	7	6.5769e-08
10.5	7.5	1.45401e-08
10.5	8	2.40899e-09
10.5	8.5	2.99107e-10
10.5	9	2.78318e-11
10.5	9.5	1.94079e-12
10.5	10	1.01423e-13
11	-10	1.65567e-62
11	-9.5	7.75821e-59
11	-9	2.7244e-55
11	-8.5	7.16974e-52
11	-8	1.41403e-48
11	-7.5	2.08996e-45
11	-7	2.31493e-42
11	-6.5	1.92159e-39
11	-6	1.19538e-36
11	-5.5	5.57284e-34
11	-5	1.94701e-31
11	-4.5	5.0978e-29
11	-4	1.00028e-26
11	-3.5	1.47089e-24
11	-3	1.62092e-22
11	-2.5	1.33865e-20
11	-2	8.28508e-19
11	-1.5	3.8428e-17
11	-1	1.33574e-15
11	-0.5	3.47951e-14
11	0	6.79261e-13
11	0.5	9.93754e-12
11	1	1.08954e-10
11	1.5	8.95223e-10
11	2	5.51241e-09
11	2.5	2.54375e-08
11	3	8.79691e-08
11	3.5	2.27986e-07
11	4	4.42802e-07
11	4.5	6.44516e-07
11	5	7.0304e-07
11	5.5	5.74711e-07
11	6	3.5208e-07
11	6.5	1.61643e-07
11	7	5.56153e-08
11	7.5	1.43402e-08
11	8	2.77101e-09
11	8.5	4.01277e-10
11	9	4.35484e-11
11	9.5	3.5418e-12
11	10	2.15873e-13
11.5	-10	6.67333e-65
11.5	-9.5	3.64707e-61
11.5	-9	1.49372e-57
11.5	-8.5	4.58475e-54
11.5	-8	1.05459e-50
11.5	-7.5	1.81793e-47
11.5	-7	2.34851e-44
11.5	-6.5	2.27369e-41
11.5	-6	1.64965e-38
11.5	-5.5	8.96965e-36
11.5	-5	3.65495e-33
11.5	-4.5	1.11612e-30
11.5	-4	2.55425e-28
11.5	-3.5	4.38064e-26
11.5	-3	5.63034e-24
11.5	-2.5	5.42319e-22
11.5	-2	3.91469e-20
11.5	-1.5	2.11769e-18
11.5	-1	8.58521e-17
11.5	-0.5	2.60833e-15
11.5	0	5.93876e-14
11.5	0.5	1.01333e-12
11.5	1	1.29578e-11
11.5	1.5	1.24175e-10
11.5	2	8.91781e-10
11.5	2.5	4.79961e-09
11.5	3	1.93587e-08
11.5	3.5	5.85152e-08
11.5	4	1.32551e-07
11.5	4.5	2.25021e-07
11.5	5	2.86276e-07
11.5	5.5	2.72941e-07
11.5	6	1.95018e-07
11.5	6.5	1.04425e-07
11.5	7	4.19041e-08
11.5	7.5	1.26018e-08
11.5	8	2.84007e-09
11.5	8.5	4.79678e-10
11.5	9	6.07146e-11
11.5	9.5	5.75915e-12
11.5	10	4.094e-13
12	-10	2.39662e-67
12	-9.5	1.52762e-63
12	-9	7.29717e-60
12	-8.5	2.61226e-56
12	-8	7.0081e-53
12	-7.5	1.40899e-49
12	-7	2.12294e-46
12	-6.5	2.39712e-43
12	-6	2.02845e-40
12	-5.5	1.28636e-37
12	-5	6.11342e-35
12	-4.5	2.17735e-32
12	-4	5.81158e-30
12	-3.5	1.16247e-27
12	-3	1.74259e-25
12	-2.5	1.95763e-23
12	-2	1.64811e-21
12	-1.5	1.03984e-19
12	-1	4.91666e-18
12	-0.5	1.74219e-16
12	0	4.6264e-15
12	0.5	9.20693e-14
12	1	1.37312e-12
12	1.5	1.53471e-11
12	2	1.28548e-10
12	2.5	8.06912e-10
12	3	3.79587e-09
12	3.5	1.33819e-08
12	4	3.53548e-08
12	4.5	7.00006e-08
12	5	1.03867e-07
12	5.5	1.15498e-07
12	6	9.62492e-08
12	6.5	6.01092e-08
12	7	2.81325e-08
12	7.5	9.86728e-09
12	8	2.59364e-09
12	8.5	5.1091e-10
12	9	7.54227e-11
12	9.5	8.34416e-12
12	10	6.91809e-13
12.5	-10	7.66912e-70
12.5	-9.5	5.70133e-66
12.5	-9	3.17636e-62
12.5	-8.5	1.32619e-58
12.5	-8	4.14959e-55
12.5	-7.5	9.73031e-52
12.5	-7	1.7099e-48
12.5	-6.5	2.25184e-45
12.5	-6	2.22243e-42
12.5	-5.5	1.64377e-39
12.5	-5	9.11121e-37
12.5	-4.5	3.78472e-34
12.5	-4	1.17819e-31
12.5	-3.5	2.74864e-29
12.5	-3	4.80557e-27
12.5	-2.5	6.29642e-25
12.5	-2	6.18252e-23
12.5	-1.5	4.54946e-21
12.5	-1	2.50887e-19
12.5	-0.5	1.03685e-17
12.5	0	3.2113e-16
12.5	0.5	7.4536e-15
12.5	1	1.29651e-13
12.5	1.5	1.69007e-12
12.5	2	1.65105e-11
12.5	2.5	1.20875e-10
12.5	3	6.63186e-10
12.5	3.5	2.72682e-09
12.5	4	8.40237e-09
12.5	4.5	1.9403e-08
12.5	5	3.35784e-08
12.5	5.5	4.35485e-08
12.5	6	4.23261e-08
12.5	6.5	3.08295e-08
12.5	7	1.68286e-08
12.5	7.5	6.88418e-09
12.5	8	2.11047e-09
12.5	8.5	4.84874e-10
12.5	9	8.34836e-11
12.5	9.5	1.0772e-11
12.5	10	1.04163e-12
13	-10	2.18666e-72
13	-9.5	1.89595e-68
13	-9	1.23195e-64
13	-8.5	5.99908e-61
13	-8	2.18926e-57
13	-7.5	5.98735e-54
13	-7	1.22714e-50
13	-6.5	1.88484e-47
13	-6	2.1696e-44
13	-5.5	1.87157e-41
13	-5	1.20992e-38
13	-4.5	5.86178e-36
13	-4	2.12826e-33
13	-3.5	5.79086e-31
13	-3	1.18082e-28
13	-2.5	1.80446e-26
13	-2	2.06649e-24
13	-1.5	1.77355e-22
13	-1	1.14071e-20
13	-0.5	5.49831e-19
13	0	1.98613e-17
13	0.5	5.37659e-16
13	1	1.09076e-14
13	1.5	1.65835e-13
13	2	1.88949e-12
13	2.5	1.61337e-11
13	3	1.0324e-10
13	3.5	4.95091e-10
13	4	1.77928e-09
13	4.5	4.79211e-09
13	5	9.67233e-09
13	5.5	1.46305e-08
13	6	1.65848e-08
13	6.5	1.40891e-08
13	7	8.9697e-09
13	7.5	4.27953e-09
13	8	1.53016e-09
13	8.5	4.10017e-10
13	9	8.23358e-11
13	9.5	1.23908e-11
13	10	1.39743e-12
13.5	-10	5.55527e-75
13.5	-9.5	5.61779e-71
13.5	-9	4.25743e-67
13.5	-8.5	2.41798e-63
13.5	-8	1.02916e-59
13.5	-7.5	3.2827e-56
13.5	-7	7.84703e-53
13.5	-6.5	1.40573e-49
13.5	-6	1.88721e-46
13.5	-5.5	1.89872e-43
13.5	-5	1.43162e-40
13.5	-4.5	8.08935e-38
13.5	-4	3.4255e-35
13.5	-3.5	1.08707e-32
13.5	-3	2.5853e-30
13.5	-2.5	4.60776e-28
13.5	-2	6.15447e-26
13.5	-1.5	6.16048e-24
13.5	-1	4.62126e-22
13.5	-0.5	2.59794e-20
13.5	0	1.09452e-18
13.5	0.5	3.4557e-17
13.5	1	8.17662e-16
13.5	1.5	1.44989e-14
13.5	2	1.92671e-13
13.5	2.5	1.91877e-12
13.5	3	1.43203e-11
13.5	3.5	8.00944e-11
13.5	4	3.35719e-10
13.5	4.5	1.05456e-09
13.5	5	2.48251e-09
13.5	5.5	4.37959e-09
13.5	6	5.79027e-09
13.5	6.5	5.73702e-09
13.5	7	4.25987e-09
13.5	7.5	2.37044e-09
13.5	8	9.8852e-10
13.5	8.5	3.08933e-10
13.5	9	7.23545e-11
13.5	9.5	1.26996e-11
13.5	10	1.67046e-12
14	-10	1.25753e-77
14	-9.5	1.48318e-73
14	-9	1.31096e-69
14	-8.5	8.68381e-66
14	-8	4.31075e-62
14	-7.5	1.60368e-58
14	-7	4.47101e-55
14	-6.5	9.3415e-52
14	-6	1.46268e-48
14	-5.5	1.71635e-45
14	-5	1.50933e-42
14	-4.5	9.94688e-40
14	-4	4.9126e-37
14	-3.5	1.81827e-34
14	-3	5.04346e-32
14	-2.5	1.04839e-29
14	-2	1.63319e-27
14	-1.5	1.90667e-25
14	-1	1.66815e-23
14	-0.5	1.09375e-21
14	0	5.37435e-20
14	0.5	1.97904e-18
14	1	5.46144e-17
14	1.5	1.12949e-15
14	2	1.75057e-14
14	2.5	2.03329e-13
14	3	1.76987e-12
14	3.5	1.15454e-11
14	4	5.64412e-11
14	4.5	2.0678e-10
14	5	5.67729e-10
14	5.5	1.16815e-09
14	6	1.80126e-09
14	6.5	2.08151e-09
14	7	1.80262e-09
14	7.5	1.16991e-09
14	8	5.69013e-10
14	8.5	2.07403e-10
14	9	5.66541e-11
14	9.5	1.15976e-11
14	10	1.77923e-12
14.5	-10	2.53642e-80
14.5	-9.5	3.48908e-76
14.5	-9	3.59685e-72
14.5	-8.5	2.77879e-68
14.5	-8	1.60884e-64
14.5	-7.5	6.98061e-61
14.5	-7	2.26984e-57
14.5	-6.5	5.53122e-54
14.5	-6	1.01011e-50
14.5	-5.5	1.38242e-47
14.5	-5	1.41786e-44
14.5	-4.5	1.08981e-41
14.5	-4	6.27753e-39
14.5	-3.5	2.70988e-36
14.5	-3	8.76667e-34
14.5	-2.5	2.12541e-31
14.5	-2	3.86164e-29
14.5	-1.5	5.25805e-27
14.5	-1	5.36538e-25
14.5	-0.5	4.10297e-23
14.5	0	2.35136e-21
14.5	0.5	1.00986e-19
14.5	1	3.25035e-18
14.5	1.5	7.84005e-17
14.5	2	1.4172e-15
14.5	2.5	1.91984e-14
14.5	3	1.94905e-13
14.5	3.5	1.48287e-12
14.5	4	8.45485e-12
14.5	4.5	3.6127e-11
14.5	5	1.15686e-10
14.5	5.5	2.7762e-10
14.5	6	4.99281e-10
14.5	6.5	6.72918e-10
14.5	7	6.79675e-10
14.5	7.5	5.14474e-10
14.5	8	2.91842e-10
14.5	8.5	1.24067e-10
14.5	9	3.95263e-11
14.5	9.5	9.43712e-12
14.5	10	1.68856e-12
15	-10	4.55841e-83
15	-9.5	7.31336e-79
15	-9	8.79312e-75
15	-8.5	7.92304e-71
15	-8	5.35012e-67
15	-7.5	2.70743e-63
15	-7	1.02677e-59
15	-6.5	2.9182e-56
15	-6	6.21551e-53
15	-5.5	9.92116e-50
15	-5	1.18678e-46
15	-4.5	1.0639e-43
15	-4	7.14751e-41
15	-3.5	3.59858e-38
15	-3	1.35778e-35
15	-2.5	3.8393e-33
15	-2	8.13573e-31
15	-1.5	1.292e-28
15	-1	1.53764e-26
15	-0.5	1.37141e-24
15	0	9.16646e-23
15	0.5	4.59156e-21
15	1	1.72362e-19
15	1.5	4.84892e-18
15	2	1.02228e-16
15	2.5	1.61518e-15
15	3	1.91246e-14
15	3.5	1.69702e-13
15	4	1.12851e-12
15	4.5	5.624e-12
15	5	2.10043e-11
15	5.5	5.87887e-11
15	6	1.23311e-10
15	6.5	1.93835e-10
15	7	2.28343e-10
15	7.5	2.01588e-10
15	8	1.33372e-10
15	8.5	6.6128e-11
15	9	2.45714e-11
15	9.5	6.84224e-12
15	10	1.42787e-12
15.5	-10	7.29952e-86
15.5	-9.5	1.36588e-81
15.5	-9	1.91537e-77
15.5	-8.5	2.01287e-73
15.5	-8	1.58527e-69
15.5	-7.5	9.35645e-66
15.5	-7	4.1385e-62
15.5	-6.5	1.37182e-58
15.5	-6	3.4078e-55
15.5	-5.5	6.34416e-52
15.5	-5	8.85109e-49
15.5	-4.5	9.25426e-46
15.5	-4	7.2512e-43
15.5	-3.5	4.25795e-40
15.5	-3	1.87376e-37
15.5	-2.5	6.17946e-35
15.5	-2	1.52725e-32
15.5	-1.5	2.82873e-30
15.5	-1	3.92641e-28
15.5	-0.5	4.08435e-26
15.5	0	3.184e-24
15.5	0.5	1.86014e-22
15.5	1	8.14407e-21
15.5	1.5	2.67214e-19
15.5	2	6.57054e-18
15.5	2.5	1.21078e-16
15.5	3	1.67206e-15
15.5	3.5	1.73046e-14
15.5	4	1.34212e-13
15.5	4.5	7.80095e-13
15.5	5	3.39801e-12
15.5	5.5	1.10924e-11
15.5	6	2.71361e-11
15.5	6.5	4.97501e-11
15.5	7	6.83537e-11
15.5	7.5	7.03807e-11
15.5	8	5.43085e-11
15.5	8.5	3.14054e-11
15.5	9	1.36102e-11
15.5	9.5	4.42024e-12
15.5	10	1.07585e-12
16	-10	1.04151e-88
16	-9.5	2.27299e-84
16	-9	3.71751e-80
16	-8.5	4.55648e-76
16	-8	4.18534e-72
16	-7.5	2.88107e-68
16	-7	1.48628e-64
16	-6.5	5.74604e-61
16	-6	1.66479e-57
16	-5.5	3.61472e-54
16	-5	5.88182e-51
16	-4.5	7.17252e-48
16	-4	6.55472e-45
16	-3.5	4.4891e-42
16	-3	2.30403e-39
16	-2.5	8.86214e-37
16	-2	2.55454e-34
16	-1.5	5.51834e-32
16	-1	8.93362e-30
16	-0.5	1.08385e-27
16	0	9.85449e-26
16	0.5	6.71462e-24
16	1	3.42872e-22
16	1.5	1.31209e-20
16	2	3.76288e-19
16	2.5	8.0872e-18
16	3	1.30256e-16
16	3.5	1.57225e-15
16	4	1.42223e-14
16	4.5	9.64137e-14
16	5	4.89814e-13
16	5.5	1.86486e-12
16	6	5.32088e-12
16	6.5	1.13774e-11
16	7	1.82317e-11
16	7.5	2.18944e-11
16	8	1.97043e-11
16	8.5	1.32896e-11
16	9	6.71716e-12
16	9.5	2.54438e-12
16	10	7.22274e-13
16.5	-10	1.32411e-91
16.5	-9.5	3.37031e-87
16.5	-9	6.42895e-83
16.5	-8.5	9.19036e-79
16.5	-8	9.84572e-75
16.5	-7.5	7.9047e-71
16.5	-7	4.75605e-67
16.5	-6.5	2.14452e-63
16.5	-6	7.24662e-60
16.5	-5.5	1.83512e-56
16.5	-5	3.4827e-53
16.5	-4.5	4.95325e-50
16.5	-4	5.27944e-47
16.5	-3.5	4.21704e-44
16.5	-3	2.52435e-41
16.5	-2.5	1.13244e-38
16.5	-2	3.80718e-36
16.5	-1.5	9.59212e-34
16.5	-1	1.81112e-31
16.5	-0.5	2.56274e-29
16.5	0	2.71759e-27
16.5	0.5	2.15966e-25
16.5	1	1.28621e-23
16.5	1.5	5.7406e-22
16.5	2	1.92012e-20
16.5	2.5	4.81305e-19
16.5	3	9.04141e-18
16.5	3.5	1.27284e-16
16.5	4	1.34287e-15
16.5	4.5	1.06174e-14
16.5	5	6.29109e-14
16.5	5.5	2.79354e-13
16.5	6	9.29624e-13
16.5	6.5	2.31837e-12
16.5	7	4.33291e-12
16.5	7.5	6.06876e-12
16.5	8	6.37005e-12
16.5	8.5	5.01082e-12
16.5	9	2.95391e-12
16.5	9.5	1.30499e-12
16.5	10	4.32059e-13
17	-10	1.49993e-94
17	-9.5	4.4528e-90
17	-9	9.90643e-86
17	-8.5	1.65167e-81
17	-8	2.06373e-77
17	-7.5	1.93244e-73
17	-7	1.35607e-69
17	-6.5	7.13148e-66
17	-6	2.81061e-62
17	-5.5	8.30125e-59
17	-5	1.83743e-55
17	-4.5	3.04789e-52
17	-4	3.78888e-49
17	-3.5	3.52976e-46
17	-3	2.46435e-43
17	-2.5	1.28938e-40
17	-2	5.05574e-38
17	-1.5	1.48563e-35
17	-1	3.27158e-33
17	-0.5	5.39919e-31
17	0	6.67763e-29
17	0.5	6.18926e-27
17	1	4.29911e-25
17	1.5	2.2379e-23
17	2	8.73021e-22
17	2.5	2.5523e-20
17	3	5.59194e-19
17	3.5	9.18153e-18
17	4	1.12977e-16
17	4.5	1.04181e-15
17	5	7.19963e-15
17	5.5	3.72867e-14
17	6	1.44717e-13
17	6.5	4.2093e-13
17	7	9.17534e-13
17	7.5	1.49885e-12
17	8	1.83491e-12
17	8.5	1.68343e-12
17	9	1.15744e-12
17	9.5	5.96381e-13
17	10	2.30288e-13
17.5	-10	1.51394e-97
17.5	-9.5	5.24185e-93
17.5	-9	1.36014e-88
17.5	-8.5	2.64487e-84
17.5	-8	3.85433e-80
17.5	-7.5	4.20936e-76
17.5	-7	3.44513e-72
17.5	-6.5	2.11309e-68
17.5	-6	9.713e-65
17.5	-5.5	3.34589e-61
17.5	-5	8.63758e-58
17.5	-4.5	1.67107e-54
17.5	-4	2.42282e-51
17.5	-3.5	2.63252e-48
17.5	-3	2.14359e-45
17.5	-2.5	1.30809e-42
17.5	-2	5.98211e-40
17.5	-1.5	2.05019e-37
17.5	-1	5.26571e-35
17.5	-0.5	1.01354e-32
17.5	0	1.46201e-30
17.5	0.5	1.58045e-28
17.5	1	1.28037e-26
17.5	1.5	7.77341e-25
17.5	2	3.5368e-23
17.5	2.5	1.20596e-21
17.5	3	3.08161e-20
17.5	3.5	5.90126e-19
17.5	4	8.46905e-18
17.5	4.5	9.10852e-17
17.5	5	7.34148e-16
17.5	5.5	4.43447e-15
17.5	6	2.00735e-14
17.5	6.5	6.80968e-14
17.5	7	1.73122e-13
17.5	7.5	3.2984e-13
17.5	8	4.7095e-13
17.5	8.5	5.03929e-13
17.5	9	4.04099e-13
17.5	9.5	2.42844e-13
17.5	10	1.09368e-13
18	-10	1.36155e-100
18	-9.5	5.49826e-96
18	-9	1.66394e-91
18	-8.5	3.77376e-87
18	-8	6.41407e-83
18	-7.5	8.16987e-79
18	-7	7.79865e-75
18	-6.5	5.57887e-71
18	-6	2.99086e-67
18	-5.5	1.20162e-63
18	-5	3.61796e-60
18	-4.5	8.16361e-57
18	-4	1.38046e-53
18	-3.5	1.74939e-50
18	-3	1.66139e-47
18	-2.5	1.18245e-44
18	-2	6.30686e-42
18	-1.5	2.52097e-39
18	-1	7.5517e-37
18	-0.5	1.69529e-34
18	0	2.85212e-32
18	0.5	3.59595e-30
18	1	3.39767e-28
18	1.5	2.40587e-26
18	2	1.27669e-24
18	2.5	5.07718e-23
18	3	1.51315e-21
18	3.5	3.37959e-20
18	4	5.65677e-19
18	4.5	7.09571e-18
18	5	6.67031e-17
18	5.5	4.69914e-16
18	6	2.48093e-15
18	6.5	9.81596e-15
18	7	2.91054e-14
18	7.5	6.46752e-14
18	8	1.07702e-13
18	8.5	1.34411e-13
18	9	1.25709e-13
18	9.5	8.81091e-14
18	10	4.62806e-14
18.5	-10	1.09106e-103
18.5	-9.5	5.13873e-99
18.5	-9	1.81377e-94
18.5	-8.5	4.79771e-90
18.5	-8	9.51058e-86
18.5	-7.5	1.41287e-81
18.5	-7	1.57298e-77
18.5	-6.5	1.31239e-73
18.5	-6	8.20593e-70
18.5	-5.5	3.84516e-66
18.5	-5	1.35028e-62
18.5	-4.5	3.55351e-59
18.5	-4	7.0083e-56
18.5	-3.5	1.03584e-52
18.5	-3	1.14734e-49
18.5	-2.5	9.5239e-47
18.5	-2	5.92463e-44
18.5	-1.5	2.76204e-41
18.5	-1	9.64988e-39
18.5	-0.5	2.5266e-36
18.5	0	4.95763e-34
18.5	0.5	7.2901e-32
18.5	1	8.03372e-30
18.5	1.5	6.63471e-28
18.5	2	4.1063e-26
18.5	2.5	1.90459e-24
18.5	3	6.62026e-23
18.5	3.5	1.72453e-21
18.5	4	3.36659e-20
18.5	4.5	4.9253e-19
18.5	5	5.40004e-18
18.5	5.5	4.43695e-17
18.5	6	2.73209e-16
18.5	6.5	1.26075e-15
18.5	7	4.35997e-15
18.5	7.5	1.12996e-14
18.5	8	2.19464e-14
18.5	8.5	3.19438e-14
18.5	9	3.48445e-14
18.5	9.5	2.84842e-14
18.5	10	1.745e-14
19	-10	7.79031e-107
19	-9.5	4.27932e-102
19	-9	1.76164e-97
19	-8.5	5.43478e-93
19	-8	1.25652e-88
19	-7.5	2.17711e-84
19	-7	2.82692e-80
19	-6.5	2.75087e-76
19	-6	2.00608e-72
19	-5.5	1.09635e-68
19	-5	4.49029e-65
19	-4.5	1.37823e-61
19	-4	3.17024e-58
19	-3.5	5.46492e-55
19	-3	7.05991e-52
19	-2.5	6.83498e-49
19	-2	4.95905e-46
19	-1.5	2.69638e-43
19	-1	1.09872e-40
19	-0.5	3.35519e-38
19	0	7.67837e-36
19	0.5	1.31687e-33
19	1	1.69255e-31
19	1.5	1.63027e-29
19	2	1.1768e-27
19	2.5	6.36604e-26
19	3	2.58082e-24
19	3.5	7.84095e-23
19	4	1.78526e-21
19	4.5	3.0462e-20
19	5	3.89527e-19
19	5.5	3.73284e-18
19	6	2.6808e-17
19	6.5	1.44282e-16
19	7	5.81946e-16
19	7.5	1.75904e-15
19	8	3.98466e-15
19	8.5	6.7644e-15
19	9	8.60579e-15
19	9.5	8.20493e-15
19	10	5.86248e-15
19.5	-10	4.9562e-110
19.5	-9.5	3.17528e-105
19.5	-9	1.52454e-100
19.5	-8.5	5.48554e-96
19.5	-8	1.47918e-91
19.5	-7.5	2.98914e-87
19.5	-7	4.52683e-83
19.5	-6.5	5.13766e-79
19.5	-6	4.36977e-75
19.5	-5.5	2.78532e-71
19.5	-5	1.3305e-67
19.5	-4.5	4.76294e-64
19.5	-4	1.27779e-60
19.5	-3.5	2.56902e-57
19.5	-3	3.87076e-54
19.5	-2.5	4.37068e-51
19.5	-2	3.69849e-48
19.5	-1.5	2.34543e-45
19.5	-1	1.11466e-42
19.5	-0.5	3.96997e-40
19.5	0	1.05963e-37
19.5	0.5	2.11954e-35
19.5	1	3.17727e-33
19.5	1.5	3.56935e-31
19.5	2	3.00501e-29
19.5	2.5	1.89595e-27
19.5	3	8.96456e-26
19.5	3.5	3.17654e-24
19.5	4	8.43534e-23
19.5	4.5	1.6787e-21
19.5	5	2.50362e-20
19.5	5.5	2.79823e-19
19.5	6	2.34382e-18
19.5	6.5	1.47125e-17
19.5	7	6.92102e-17
19.5	7.5	2.43993e-16
19.5	8	6.44626e-16
19.5	8.5	1.27632e-15
19.5	9	1.89381e-15
19.5	9.5	2.10589e-15
19.5	10	1.75492e-15
20	-10	2.80951e-113
20	-9.5	2.09933e-108
20	-9	1.17558e-103
20	-8.5	4.93339e-99
20	-8	1.55154e-94
20	-7.5	3.65681e-90
20	-7	6.45899e-86
20	-6.5	8.54968e-82
20	-6	8.48121e-78
20	-5.5	6.30505e-74
20	-5	3.51271e-70
20	-4.5	1.46662e-66
20	-4	4.58899e-63
20	-3.5	1.07606e-59
20	-3	1.89096e-56
20	-2.5	2.49029e-53
20	-2	2.45776e-50
20	-1.5	1.81783e-47
20	-1	1.0076e-44
20	-0.5	4.18549e-42
20	0	1.30295e-39
20	0.5	3.0397e-37
20	1	5.31443e-35
20	1.5	6.96315e-33
20	2	6.83719e-31
20	2.5	5.03121e-29
20	3	2.77453e-27
20	3.5	1.14665e-25
20	4	3.55134e-24
20	4.5	8.24286e-23
20	5	1.43379e-21
20	5.5	1.86904e-20
20	6	1.82588e-19
20	6.5	1.33674e-18
20	7	7.33411e-18
20	7.5	3.01557e-17
20	8	9.2921e-17
20	8.5	2.14576e-16
20	9	3.7134e-16
20	9.5	4.81598e-16
20	10	4.68081e-16
