0.123751
0.0171702
0.0155843
0.0147505
0.0140825
0.0134599
0.0128524
0.0122476
0.0116542
0.011087
0.0105648
0.0100657
0.00957854
0.00912141
0.00869958
0.00829072
0.00791
0.00753869
0.00719976
0.00689397
0.00661541
0.00635273
0.00611609
0.00590066
0.00569792
0.00550613
0.0053229
0.00515345
0.00498661
0.00482661
0.00466977
0.00452088
0.00437331
0.00423107
0.00409323
0.00395525
0.00381727
0.00368344
0.00354999
0.00341913
0.00328931
0.00315976
0.00303201
0.00290478
0.00277921
0.00265374
0.00252706
0.00240378
0.00228641
0.00217606
0.00207339
0.00197624
0.00188551
0.00180225
0.00172769
0.00165954
0.00159816
0.00154547
0.0015006
0.00146243
0.00142954
0.00140253
0.00138012
0.00136197
0.00134756
0.00133598
0.00132643
0.00131843
0.00131155
0.00130593
0.00130119
0.00129681
0.00129321
0.00129
0.00128689
0.00128465
0.00128295
0.00128155
0.00128042
0.00127953
0.00127882
0.00127828
0.00127785
0.00127748
0.00127719
0.00127696
0.00127679
0.00127665
0.00127646
0.0012761
0.00127577
0.00127536
0.00127507
0.00127485
0.00127464
0.00127447
0.0012743
0.0012741
0.00127399
0.00127392
