0.123345
0.0164012
0.0139695
0.0127777
0.0115748
0.0105205
0.00963146
0.00880634
0.00803985
0.00734487
0.00674246
0.00624917
0.00581807
0.00545224
0.00512409
0.00483118
0.00456304
0.00430146
0.00404988
0.00380364
0.00355585
0.00331247
0.00307397
0.00283999
0.00261843
0.00241157
0.00222769
0.00206285
0.00192214
0.00179632
0.00169625
0.00161882
0.001558
0.0015084
0.00146717
0.00143395
0.00140804
0.00138742
0.0013707
0.0013573
0.00134575
0.00133557
0.00132708
0.0013202
0.00131428
0.00130898
0.00130477
0.00130135
0.00129845
0.00129617
