0.121163
0.0172016
0.015657
0.014817
0.0141608
0.0135755
0.0129829
0.0123784
0.0117669
0.0111668
0.0106401
0.0101625
0.0096885
0.00923853
0.00879901
0.00835834
0.00796036
0.0075913
0.00724334
0.00693108
0.0066357
0.00637103
0.00613339
0.00590786
0.00569924
0.00550386
0.0053203
0.00514352
0.00497725
0.00481776
0.00466371
0.0045161
0.00437096
0.00422782
0.00409136
0.00395461
0.00381914
0.00368534
0.00355043
0.00341878
0.00328554
0.00315477
0.00302505
0.00289838
0.00277455
0.00265004
0.00252308
0.00239744
0.00227787
0.00216581
0.00206171
0.00196409
0.00187475
0.00179298
0.00171881
0.00165189
0.00159288
0.00154004
0.00149447
0.00145413
0.00142077
0.00139304
0.00137049
0.00135185
0.00133649
0.00132402
0.00131373
0.00130523
0.00129786
0.0012917
0.00128689
0.00128301
0.00127977
0.00127714
0.00127485
0.00127305
0.00127152
0.00127031
0.00126935
0.00126857
0.00126791
0.00126733
0.00126685
0.00126645
0.00126611
0.00126579
0.00126545
0.00126512
0.00126479
0.00126453
0.00126427
0.00126399
0.00126363
0.00126335
0.00126316
0.00126294
0.0012626
0.00126218
0.0012619
0.0012617
