0.118715
0.0159186
0.0137658
0.0126455
0.0114992
0.0105
0.00960632
0.00874925
0.00800654
0.00732307
0.00674695
0.00625485
0.00581435
0.00543627
0.00510266
0.0047943
0.00452217
0.00426513
0.00401413
0.00376939
0.00353103
0.00329654
0.0030697
0.00284678
0.00262578
0.00241383
0.00222704
0.00206726
0.00193228
0.00181988
0.00172818
0.00165018
0.00158325
0.00152949
0.00148737
0.00145285
0.00142464
0.00140224
0.00138403
0.00136911
0.00135683
0.00134625
0.00133734
0.00133005
0.0013242
0.00131869
0.00131404
0.00131038
0.00130751
0.00130522
