0.120741
0.0160976
0.0138403
0.0125364
0.011366
0.01035
0.00946177
0.00865996
0.00790922
0.00725772
0.00670058
0.00621237
0.00579994
0.00543134
0.00509036
0.00478518
0.00451184
0.00425035
0.00400354
0.00376708
0.00353477
0.00330404
0.00307819
0.00285124
0.00262677
0.00241803
0.00223183
0.00207187
0.00193654
0.00182063
0.00172517
0.0016452
0.00158148
0.00153321
0.00149485
0.00146217
0.00143385
0.00141102
0.00139233
0.00137717
0.0013649
0.0013547
0.00134677
0.0013401
0.00133402
0.00132941
0.00132578
0.00132267
0.00131999
0.0013175
