0.120577
0.0160312
0.0139112
0.0127115
0.0115602
0.0105353
0.00961412
0.00878193
0.00801182
0.00732412
0.00674669
0.0062604
0.0058295
0.00545799
0.00511728
0.00480373
0.0045229
0.00426037
0.00400771
0.00376538
0.00352191
0.00328156
0.00305136
0.00282923
0.00261323
0.00240243
0.00221818
0.00205832
0.00192432
0.00181002
0.00171831
0.00164379
0.0015806
0.00152974
0.00148975
0.00145629
0.00142916
0.00140763
0.00139004
0.0013759
0.00136416
0.00135445
0.00134638
0.00133909
0.00133303
0.00132738
0.00132257
0.00131882
0.00131584
0.00131344
