0.120297
0.0171108
0.0156236
0.0148028
0.0141226
0.0135154
0.0129225
0.012305
0.0117074
0.0111455
0.0106227
0.0101258
0.00965262
0.00920637
0.00876077
0.00834848
0.00795406
0.0075865
0.00725775
0.00695361
0.00666186
0.00639164
0.00614017
0.00591405
0.00570483
0.00550127
0.00531823
0.00514442
0.00497933
0.00481642
0.004663
0.00451713
0.00437626
0.00423559
0.0040991
0.0039678
0.00383837
0.00370704
0.00357573
0.0034471
0.003319
0.00319303
0.00306665
0.00294027
0.00281795
0.00269707
0.00257709
0.00246019
0.00234837
0.00224177
0.0021401
0.00204295
0.00195082
0.00186206
0.00177905
0.00170268
0.001633
0.00157315
0.00152165
0.00147837
0.00144202
0.00141122
0.00138622
0.00136572
0.00134897
0.00133498
0.00132353
0.00131376
0.00130524
0.00129804
0.00129179
0.00128661
0.00128234
0.00127863
0.00127539
0.00127283
0.00127086
0.00126934
0.00126813
0.00126715
0.00126639
0.00126577
0.00126524
0.00126481
0.00126446
0.00126418
0.00126397
0.00126379
0.00126365
0.00126354
0.00126343
0.00126332
0.00126324
0.00126319
0.00126316
0.00126314
0.00126312
0.001263
0.00126289
0.0012628
