0.123383
0.0172393
0.0156098
0.0147691
0.0141053
0.0134947
0.012886
0.0122775
0.0116751
0.0111068
0.0105768
0.0100733
0.00958499
0.00912585
0.00870235
0.00829104
0.00790689
0.00753349
0.00719338
0.00689037
0.00661138
0.00635122
0.00611536
0.00590221
0.00569916
0.00550627
0.00532312
0.00515133
0.00498468
0.00482452
0.00466787
0.00451894
0.00437085
0.00422818
0.00408937
0.00395068
0.00381335
0.00367998
0.00354583
0.00341455
0.00328581
0.00315723
0.00302962
0.00290068
0.0027736
0.00264723
0.00252204
0.00240169
0.0022873
0.00217894
0.00207709
0.00198038
0.00188912
0.00180526
0.00173069
0.00166319
0.00160269
0.0015502
0.00150465
0.0014659
0.00143155
0.00140371
0.00138046
0.00136179
0.00134692
0.00133497
0.00132489
0.00131663
0.00130972
0.00130407
0.00129944
0.0012952
0.00129173
0.00128847
0.00128536
0.00128303
0.00128126
0.00127971
0.00127831
0.00127718
0.00127624
0.00127553
0.0012748
0.00127423
0.00127379
0.00127345
0.00127319
0.00127299
0.0012728
0.00127257
0.00127237
0.00127217
0.00127203
0.00127194
0.00127182
0.00127154
0.00127135
0.00127123
0.00127114
0.00127107
