0.121373
0.0171859
0.015585
0.0147699
0.0141183
0.0135148
0.0129271
0.0122979
0.0116745
0.0110892
0.0105754
0.0101044
0.00965229
0.00919982
0.00874163
0.00830461
0.00791249
0.00755364
0.00722325
0.00691476
0.00662776
0.00636177
0.00611666
0.00589256
0.00568731
0.00549383
0.00531007
0.00513498
0.00496793
0.00481058
0.00465776
0.00451043
0.00436762
0.00422515
0.00408339
0.00394698
0.003816
0.00368709
0.00355978
0.00343312
0.00330364
0.00316972
0.00303576
0.00290641
0.00277701
0.00264782
0.00252146
0.00240139
0.00228646
0.00217625
0.00207259
0.00197538
0.00188566
0.00180356
0.00172891
0.00165954
0.00159835
0.00154312
0.00149445
0.0014537
0.00141975
0.00139163
0.00136853
0.00134915
0.00133355
0.00132069
0.00131026
0.00130153
0.00129402
0.00128756
0.00128204
0.00127736
0.00127327
0.00126996
0.00126723
0.001265
0.00126314
0.00126167
0.00126056
0.00125962
0.00125886
0.00125822
0.00125763
0.00125709
0.00125667
0.00125634
0.00125608
0.00125587
0.00125565
0.00125532
0.00125498
0.00125466
0.00125442
0.00125424
0.0012541
0.00125399
0.00125391
0.00125384
0.00125376
0.00125368
