0.120805
0.0170189
0.0154355
0.0146869
0.0140615
0.013453
0.0128572
0.012269
0.0116632
0.0111154
0.0106119
0.0101233
0.00966164
0.00922209
0.00877914
0.00834554
0.00793507
0.0075503
0.00720908
0.00690372
0.00662496
0.00636925
0.00613008
0.00590612
0.00569765
0.00550282
0.00531817
0.00514493
0.00497738
0.00481855
0.0046634
0.00451112
0.00436523
0.00422237
0.00408068
0.00394253
0.00380745
0.00367575
0.00354824
0.00342199
0.00329751
0.00317252
0.00304683
0.00291928
0.00279309
0.00266633
0.00253977
0.0024177
0.00230153
0.00219291
0.00209132
0.00199626
0.00190616
0.00182153
0.00174282
0.00167242
0.00161072
0.00155795
0.00151326
0.00147536
0.00144309
0.00141443
0.0013895
0.00136867
0.00135161
0.00133761
0.0013261
0.00131662
0.00130888
0.00130246
0.00129731
0.00129281
0.00128888
0.0012855
0.00128235
0.00127997
0.00127808
0.00127654
0.00127521
0.001274
0.00127294
0.00127212
0.00127149
0.00127102
0.0012706
0.00127028
0.00126995
0.00126956
0.00126928
0.00126905
0.00126881
0.00126859
0.00126842
0.00126827
0.00126813
0.00126803
0.00126797
0.00126793
0.00126788
0.00126783
