0.119335
0.0171275
0.015589
0.0147828
0.0141042
0.0134738
0.0128662
0.0122486
0.0116533
0.0110768
0.0105454
0.0100644
0.00960741
0.00916546
0.00872798
0.00831036
0.00791308
0.00754198
0.00719973
0.00688981
0.00660584
0.0063439
0.00610631
0.00589004
0.00568603
0.00549374
0.00531522
0.00514338
0.0049795
0.00481976
0.00466626
0.00451672
0.00437123
0.00423021
0.004093
0.00395905
0.00382623
0.00369649
0.00356758
0.0034387
0.00331109
0.00318152
0.00305345
0.00292508
0.00279593
0.00266788
0.00254135
0.00242105
0.0023068
0.00219683
0.0020931
0.00199692
0.00190713
0.00182328
0.00174737
0.00168032
0.00161877
0.00156327
0.00151627
0.00147431
0.00143833
0.00140801
0.00138246
0.00136173
0.00134427
0.00132975
0.00131801
0.00130854
0.0013011
0.00129498
0.00128963
0.00128545
0.00128213
0.0012794
0.00127705
0.00127503
0.00127336
0.00127196
0.0012708
0.00126986
0.00126899
0.0012682
0.00126731
0.00126656
0.00126584
0.00126527
0.00126476
0.00126438
0.00126407
0.00126379
0.00126359
0.00126337
0.00126314
0.00126294
0.00126276
0.00126258
0.00126233
0.00126213
0.00126198
0.0012619
