0.122286
0.0172281
0.0156341
0.014899
0.0142251
0.0136261
0.0130076
0.0123783
0.0117659
0.0111712
0.0106324
0.0101227
0.00963938
0.00918232
0.00875539
0.00833368
0.00795295
0.00758994
0.00724394
0.00691545
0.00662576
0.00635302
0.00610704
0.00587976
0.00567539
0.00548479
0.00530348
0.00513166
0.00497002
0.00480849
0.00465162
0.00450262
0.00435622
0.00421396
0.00407036
0.00393385
0.00380105
0.00366916
0.00353711
0.00340815
0.00327999
0.00314706
0.00301807
0.00289175
0.00276723
0.00264216
0.0025179
0.00239768
0.00228296
0.00217372
0.00207116
0.00197656
0.00188853
0.00180888
0.00173608
0.0016712
0.0016137
0.00156397
0.00152001
0.00148174
0.00144842
0.00141988
0.00139594
0.00137603
0.0013583
0.00134369
0.00133198
0.00132244
0.00131474
0.00130815
0.00130254
0.00129797
0.00129427
0.00129128
0.00128872
0.00128652
0.0012848
0.00128335
0.00128213
0.00128119
0.00128046
0.00127982
0.00127921
0.0012786
0.00127798
0.00127741
0.00127699
0.00127668
0.00127643
0.00127608
0.00127567
0.00127529
0.00127501
0.00127479
0.00127459
0.0012744
0.00127418
0.00127404
0.00127389
0.00127373
