0.122251
0.0161479
0.0138172
0.0126209
0.0114702
0.0104588
0.00954234
0.00874903
0.00798814
0.0072939
0.00671552
0.00623493
0.00581421
0.0054514
0.00512532
0.00483109
0.00456194
0.00430295
0.00405071
0.00380427
0.00356814
0.00333481
0.00310275
0.00287417
0.00265308
0.00244776
0.00226261
0.0021006
0.00196211
0.00184779
0.0017517
0.00167245
0.00160748
0.00155147
0.00150711
0.00147187
0.00144394
0.00142191
0.00140378
0.00138931
0.0013767
0.00136626
0.00135794
0.00135075
0.00134506
0.00134048
0.00133688
0.00133384
0.0013313
0.00132929
