0.12198
0.0172298
0.0155613
0.014793
0.01417
0.0135505
0.0129292
0.0123516
0.0117617
0.0111792
0.0106276
0.0101434
0.00966852
0.00920125
0.00876495
0.0083602
0.00797904
0.00762037
0.00727625
0.00695985
0.00666519
0.00639309
0.00614646
0.00592009
0.00571643
0.00552153
0.00533486
0.00515752
0.00498521
0.00482014
0.00466533
0.00451457
0.00437204
0.00423253
0.0040949
0.00395936
0.00382819
0.00369926
0.00357264
0.00344698
0.00331399
0.00318378
0.00305352
0.00292481
0.00280143
0.00268055
0.00256029
0.00244366
0.00232876
0.00222026
0.00211478
0.00201669
0.00192594
0.00184113
0.00176156
0.00168996
0.00162581
0.00157055
0.00152066
0.00147879
0.00144218
0.00141071
0.00138534
0.0013652
0.00134927
0.00133609
0.0013253
0.0013167
0.00130976
0.00130401
0.00129946
0.00129579
0.00129282
0.00129021
0.00128763
0.00128545
0.00128351
0.00128178
0.00128017
0.00127876
0.00127747
0.00127656
0.00127588
0.00127528
0.00127478
0.00127435
0.00127391
0.00127355
0.00127316
0.00127274
0.0012723
0.00127176
0.0012713
0.00127089
0.00127055
0.00127029
0.00127005
0.00126982
0.00126965
0.00126938
