0.123105
0.0171941
0.0155539
0.01476
0.0141373
0.0135431
0.0129498
0.0123423
0.01172
0.0111573
0.0106478
0.0101648
0.00968782
0.00923505
0.00878978
0.00837755
0.00797767
0.00759064
0.00724346
0.00692782
0.00663861
0.00637477
0.00612848
0.00590685
0.0057028
0.0055141
0.00533039
0.00515514
0.00498877
0.00483005
0.00467746
0.00452939
0.00438474
0.00424
0.00409839
0.00396046
0.00382188
0.00368783
0.00355468
0.00342085
0.00328727
0.00315606
0.00302416
0.00289434
0.00276378
0.00263479
0.00251015
0.00238867
0.00227215
0.00216119
0.00205701
0.0019599
0.00187103
0.00178926
0.00171435
0.00164681
0.00158713
0.00153543
0.00149035
0.00145181
0.00141743
0.00138706
0.00136223
0.00134169
0.00132521
0.00131222
0.00130159
0.00129305
0.00128592
0.0012798
0.00127441
0.00126973
0.001266
0.00126291
0.00126025
0.00125812
0.00125616
0.00125462
0.00125329
0.0012521
0.00125119
0.00125048
0.00124986
0.00124922
0.00124851
0.00124798
0.00124757
0.00124723
0.00124694
0.00124672
0.00124655
0.00124642
0.00124625
0.00124601
0.00124581
0.00124567
0.00124557
0.0012455
0.00124543
0.00124535
