0.122536
0.0171231
0.0154313
0.0146587
0.0140375
0.0134298
0.0128394
0.012224
0.0116464
0.0110761
0.0105602
0.0100825
0.0096377
0.00919805
0.00876702
0.00835045
0.00795752
0.00759161
0.00724026
0.00692525
0.0066404
0.00637962
0.00614089
0.00591856
0.00570918
0.00551079
0.00533108
0.0051607
0.00499813
0.00483913
0.004687
0.00453752
0.00439249
0.00425236
0.0041188
0.00398496
0.00385702
0.0037315
0.00360622
0.00347881
0.00334962
0.00322323
0.00310048
0.00297943
0.00285591
0.00272864
0.00260136
0.00247775
0.00235707
0.00224276
0.0021364
0.00203943
0.00194516
0.00185635
0.00177533
0.00170184
0.00163603
0.00157896
0.00153178
0.0014918
0.00145702
0.00142852
0.00140409
0.00138334
0.00136641
0.00135306
0.00134159
0.00133242
0.00132507
0.00131866
0.00131347
0.00130946
0.00130615
0.00130344
0.00130098
0.00129891
0.00129718
0.00129574
0.00129456
0.00129358
0.00129275
0.00129212
0.00129155
0.00129097
0.00129053
0.00129019
0.00128994
0.00128974
0.00128954
0.00128927
0.00128907
0.0012889
0.00128874
0.00128861
0.00128842
0.00128823
0.00128805
0.00128794
0.00128786
0.00128771
