0.121962
0.0169445
0.0154155
0.0146379
0.0139975
0.0133873
0.0127956
0.0121762
0.0115952
0.0110336
0.0105106
0.0100149
0.00956165
0.00913265
0.00871434
0.00829553
0.00789944
0.00754534
0.00721549
0.00690613
0.00662975
0.00636716
0.00611861
0.00589106
0.00568023
0.00548979
0.00531204
0.00514086
0.00498096
0.00482916
0.00468132
0.00453377
0.00438908
0.00424921
0.00411337
0.00397685
0.00384467
0.00371304
0.00358403
0.00345351
0.00332295
0.00319543
0.0030675
0.00294051
0.00281458
0.00268721
0.00255955
0.00243367
0.00231315
0.00219793
0.00209075
0.00199168
0.00190137
0.00181804
0.00174235
0.00167526
0.0016157
0.00156307
0.00151637
0.0014753
0.00144039
0.00141075
0.00138658
0.00136711
0.00135163
0.00133917
0.00132889
0.00132064
0.00131376
0.00130766
0.0013024
0.00129788
0.0012942
0.00129094
0.00128835
0.00128616
0.00128414
0.00128248
0.00128101
0.00127957
0.00127843
0.00127759
0.00127693
0.0012764
0.00127599
0.00127565
0.00127536
0.00127499
0.00127459
0.00127429
0.00127406
0.00127385
0.00127363
0.00127347
0.00127329
0.00127305
0.00127269
0.00127244
0.00127222
0.00127197
