0.120677
0.0171706
0.0156175
0.0148651
0.0142127
0.0136068
0.0130168
0.0123963
0.011781
0.0112145
0.0106745
0.0101736
0.0096971
0.00923798
0.00879342
0.00837261
0.00796451
0.00759208
0.00725155
0.00694181
0.00665739
0.00639412
0.00614713
0.00592045
0.00571502
0.00552207
0.00534313
0.00516901
0.00500529
0.00484775
0.00469317
0.00454353
0.00439543
0.00425305
0.00411376
0.00397807
0.00384788
0.00371855
0.00359014
0.0034652
0.00333719
0.00320988
0.00308402
0.0029583
0.00283119
0.00270313
0.00257558
0.00245259
0.00233674
0.00222791
0.00212738
0.00203344
0.00194539
0.0018608
0.00178315
0.00171351
0.00165042
0.0015941
0.00154521
0.0015028
0.00146504
0.00143203
0.0014048
0.00138269
0.00136537
0.00135164
0.00134023
0.00133106
0.00132348
0.0013176
0.00131264
0.00130852
0.00130517
0.00130215
0.00129977
0.00129795
0.00129638
0.00129512
0.00129402
0.00129305
0.00129222
0.00129156
0.00129104
0.00129063
0.00129032
0.00129007
0.00128984
0.00128958
0.00128921
0.00128896
0.00128875
0.00128855
0.00128831
0.00128803
0.00128771
0.00128737
0.00128706
0.00128681
0.00128658
0.0012864
