0.121431
0.0171129
0.0154471
0.0147088
0.0140554
0.0134567
0.0128556
0.01224
0.0116565
0.0111009
0.0105764
0.0100748
0.00962073
0.0091747
0.00875124
0.00833424
0.00793633
0.00756192
0.00722294
0.00692165
0.00663511
0.00636966
0.00613005
0.00590391
0.00569593
0.00550505
0.00532528
0.00515097
0.00498693
0.00483152
0.00468066
0.00453384
0.00438718
0.00424492
0.00410617
0.0039686
0.00383656
0.00370713
0.0035785
0.003453
0.00332987
0.00320682
0.00308362
0.00295878
0.00283381
0.00270788
0.00258222
0.00246024
0.00234127
0.00222759
0.00211998
0.00202038
0.00192849
0.00184378
0.00176661
0.0016966
0.00163526
0.00158093
0.00153394
0.00149202
0.00145585
0.00142357
0.00139697
0.0013751
0.00135751
0.00134317
0.00133121
0.00132151
0.00131358
0.00130734
0.00130215
0.00129785
0.00129422
0.00129119
0.00128845
0.00128615
0.00128412
0.00128251
0.00128124
0.00128025
0.00127949
0.00127884
0.0012783
0.00127788
0.00127749
0.0012771
0.00127675
0.00127646
0.00127622
0.00127605
0.00127591
0.00127577
0.00127568
0.0012756
0.00127552
0.00127541
0.00127527
0.00127519
0.00127512
0.00127483
