0.120179
0.0156741
0.0135381
0.0124268
0.0112899
0.010306
0.00940555
0.00859368
0.00785222
0.0072063
0.00664694
0.00616749
0.00575333
0.00539096
0.005065
0.00477715
0.00450295
0.00424773
0.00400174
0.00376295
0.00353412
0.00330021
0.00307225
0.00284765
0.00262727
0.00241916
0.00222871
0.00206643
0.00192644
0.00180941
0.00171322
0.00163632
0.00157169
0.00152007
0.00147874
0.00144658
0.00141962
0.00139764
0.00138014
0.0013665
0.00135567
0.00134668
0.00133886
0.00133266
0.0013278
0.00132399
0.00132097
0.00131851
0.00131658
0.00131505
