31 0 0 1
114 4 0 1
6 0 144 2
7 2 211 2
89 4 4 1
8 3 76 2
2 2 162 2
164 1 4 1
231 7 0 1
2 4 143 2
4 2 207 2
2 4 36 2
8 0 76 2
202 4 4 1
130 4 2 1
6 1 177 2
5 1 197 2
2 8 1 1
132 8 4 1
8 0 98 2
123 9 1 1
137 7 0 1
6 0 62 2
212 8 4 1
6 1 31 2
1 2 113 2
140 4 4 1
2 4 161 2
129 0 4 1
8 1 243 2
5 1 42 2
76 0 3 1
243 5 0 1
39 8 4 1
174 4 1 1
245 4 0 1
204 5 2 1
9 4 187 2
125 3 1 1
226 2 3 1
4 2 165 2
9 2 8 2
59 7 2 1
230 3 1 1
138 8 0 1
3 3 0 1
0 1 173 2
183 7 3 1
123 2 0 1
12 4 4 1
8 4 155 2
6 3 113 2
6 2 186 2
8 1 225 2
201 7 4 1
4 3 32 2
215 8 2 1
61 2 4 1
119 9 3 1
230 2 2 1
8 2 242 2
0 2 196 2
67 0 2 1
173 4 0 1
43 8 3 1
100 4 2 1
1 2 141 2
81 0 4 1
167 4 2 1
31 7 0 1
154 1 1 1
20 0 1 1
0 0 83 2
175 5 1 1
6 2 18 2
4 1 106 2
6 0 222 2
76 7 3 1
70 1 2 1
9 3 145 2
59 4 1 1
50 0 4 1
227 8 4 1
6 0 40 2
150 8 2 1
8 0 202 2
4 2 252 2
4 4 224 2
2 2 122 2
5 3 71 2
5 4 3 1
5 4 61 2
185 0 1 1
2 2 223 2
2 3 41 2
122 6 2 1
9 4 193 2
7 4 14 2
5 1 228 2
1 3 154 2
217 9 4 1
2 0 176 2
93 3 4 1
109 2 1 1
3 2 82 2
240 5 4 1
2 1 127 2
190 7 2 1
77 4 2 1
8 0 99 2
24 2 3 1
6 3 133 2
115 0 2 1
4 1 215 2
80 7 3 1
1 0 186 2
4 1 79 2
251 6 2 1
3 2 78 2
9 2 213 2
9 1 173 2
98 7 2 1
2 2 99 2
0 1 176 2
175 9 1 1
2 1 125 2
4 1 21 2
70 7 3 1
5 1 33 2
7 2 241 2
30 5 0 1
144 9 2 1
3 2 74 2
106 1 4 1
151 4 3 1
1 3 153 2
113 6 2 1
8 1 239 2
5 0 200 2
75 1 0 1
0 1 155 2
156 8 4 1
72 6 3 1
9 3 163 2
152 0 4 1
252 1 1 1
89 7 2 1
211 9 2 1
1 0 239 2
33 0 0 1
3 1 226 2
0 0 147 2
2 1 216 2
1 3 241 2
248 6 2 1
5 3 203 2
0 1 1 1
3 2 143 2
2 0 199 2
234 6 1 1
171 7 4 1
1 2 220 2
0 2 109 2
179 0 0 1
2 1 66 2
84 1 1 1
110 4 2 1
146 4 4 1
23 6 0 1
4 1 188 2
8 1 217 2
3 4 89 2
8 4 3 2
8 3 123 2
83 8 0 1
5 2 217 2
185 5 0 1
34 6 4 1
5 4 217 2
46 0 4 1
3 2 194 2
1 0 10 2
0 2 106 2
129 6 0 1
144 7 0 1
4 3 0 2
167 2 1 1
6 2 29 2
5 0 61 2
96 7 4 1
5 1 203 2
18 2 0 1
103 8 2 1
172 0 2 1
56 7 1 1
0 4 41 2
80 8 0 1
99 4 2 1
0 4 46 2
92 3 2 1
4 1 0 2
175 3 2 1
5 0 57 2
8 3 11 2
21 9 0 1
0 3 166 2
246 8 1 1
72 3 0 1
110 6 2 1
5 3 236 2
1 3 79 2
242 4 0 1
1 3 107 2
7 4 153 2
0 2 55 2
2 0 76 2
1 0 46 2
158 2 2 1
181 9 0 1
139 4 3 1
1 1 186 2
1 4 25 2
235 7 2 1
8 2 222 2
154 7 3 1
9 4 84 2
33 6 2 1
4 1 114 2
1 4 89 2
4 1 60 2
106 7 2 1
116 8 0 1
197 9 2 1
230 4 3 1
4 2 168 2
33 8 2 1
205 3 4 1
2 1 156 2
76 8 0 1
6 4 192 2
0 0 199 2
107 9 0 1
2 1 44 2
56 5 1 1
8 2 56 2
139 1 4 1
174 8 0 1
47 4 4 1
9 1 254 2
192 5 1 1
0 2 239 2
72 3 2 1
22 8 3 1
2 1 179 2
9 1 94 2
119 2 3 1
207 5 0 1
28 2 3 1
86 3 4 1
7 0 231 2
69 8 0 1
2 8 1 1
6 0 41 2
9 4 37 2
238 6 2 1
93 1 4 1
99 0 0 1
64 1 4 1
227 1 4 1
124 5 2 1
1 1 244 2
91 6 4 1
4 2 121 2
7 4 174 2
80 2 4 1
6 3 210 2
74 6 3 1
6 4 185 2
1 3 99 2
2 2 87 2
172 6 0 1
0 4 21 2
2 4 150 2
113 3 3 1
6 0 131 2
78 8 2 1
60 6 1 1
203 9 1 1
233 5 0 1
154 0 3 1
75 6 0 1
141 6 4 1
6 3 141 2
0 3 58 2
160 5 0 1
4 1 252 2
2 0 235 2
9 3 57 2
71 3 3 1
9 1 79 2
1 0 241 2
117 9 0 1
2 2 2 1
0 2 37 2
6 2 56 2
209 8 4 1
115 4 2 1
174 8 4 1
115 5 0 1
7 4 10 2
5 2 119 2
1 2 6 2
185 2 3 1
89 9 2 1
6 2 9 2
160 6 0 1
8 2 93 2
1 4 116 2
45 4 2 1
226 8 1 1
226 1 0 1
8 2 40 2
187 5 2 1
167 1 3 1
217 9 0 1
26 1 4 1
104 3 2 1
9 2 56 2
9 4 98 2
3 4 180 2
1 4 138 2
166 9 4 1
61 2 3 1
253 7 0 1
59 1 3 1
51 4 0 1
7 3 115 2
150 6 1 1
2 3 91 2
155 8 4 1
9 2 112 2
166 3 2 1
5 0 233 2
2 2 115 2
127 0 1 1
1 1 52 2
2 2 69 2
6 4 158 2
155 5 1 1
224 6 3 1
226 5 1 1
113 4 3 1
7 3 239 2
83 5 3 1
9 4 245 2
135 4 2 1
9 4 213 2
2 2 75 2
10 3 0 1
60 6 0 1
6 1 33 2
5 0 46 2
123 5 2 1
4 1 123 2
9 1 238 2
38 7 1 1
1 0 124 2
5 1 164 2
95 7 1 1
184 4 1 1
6 0 48 2
128 9 1 1
9 1 29 2
4 0 184 2
114 4 0 1
8 3 70 2
8 2 25 2
28 9 1 1
211 7 0 1
90 6 4 1
151 9 0 1
2 3 179 2
36 9 1 1
124 2 4 1
187 5 0 1
1 3 73 2
8 2 194 2
177 3 3 1
148 1 4 1
145 1 0 1
2 3 155 2
2 3 246 2
9 1 62 2
0 0 206 2
8 2 247 2
147 6 0 1
7 4 207 2
9 0 95 2
209 1 0 1
196 0 0 1
234 4 3 1
62 4 3 1
132 1 1 1
8 3 159 2
4 0 223 2
46 1 4 1
3 0 17 2
12 8 4 1
1 3 239 2
7 4 245 2
119 3 3 1
195 6 4 1
2 3 104 2
230 1 1 1
83 4 2 1
4 3 78 2
0 4 32 2
8 2 231 2
4 4 3 1
186 9 3 1
5 1 152 2
222 1 2 1
3 2 68 2
7 1 100 2
160 6 3 1
3 3 1 2
224 0 4 1
3 1 1 1
145 2 1 1
0 1 78 2
107 8 1 1
76 8 0 1
2 2 168 2
108 6 4 1
219 6 0 1
41 8 1 1
2 1 92 2
0 7 4 1
0 4 210 2
8 3 177 2
7 2 57 2
32 2 4 1
1 1 129 2
110 7 1 1
104 6 4 1
2 4 184 2
43 5 2 1
8 2 17 2
8 2 214 2
5 3 1 1
0 3 89 2
1 3 177 2
228 1 0 1
88 7 4 1
8 1 86 2
5 4 137 2
8 0 91 2
64 4 2 1
107 7 0 1
232 0 0 1
2 0 27 2
3 2 253 2
97 1 1 1
152 0 3 1
4 2 183 2
2 0 72 2
2 0 30 2
3 3 189 2
190 6 3 1
1 1 118 2
0 4 31 2
150 2 0 1
204 4 1 1
155 0 4 1
175 2 2 1
2 1 193 2
4 2 107 2
0 4 100 2
4 0 170 2
43 1 3 1
131 0 2 1
1 0 61 2
5 3 0 1
179 5 0 1
0 4 102 2
1 0 88 2
7 1 236 2
8 1 27 2
240 7 3 1
37 6 3 1
3 1 183 2
7 3 206 2
84 5 2 1
1 3 214 2
163 1 3 1
6 1 181 2
92 5 4 1
226 4 3 1
14 3 0 1
2 3 67 2
2 2 146 2
4 0 105 2
186 6 2 1
8 3 75 2
172 2 3 1
134 8 0 1
245 9 4 1
2 0 43 2
6 1 15 2
250 9 3 1
0 0 27 2
1 4 135 2
154 0 3 1
214 0 1 1
8 3 128 2
7 0 121 2
84 6 0 1
43 5 0 1
252 2 4 1
3 2 120 2
5 6 2 1
222 8 3 1
4 1 27 2
4 1 209 2
218 4 4 1
221 2 0 1
7 1 170 2
36 3 0 1
20 2 4 1
120 6 1 1
145 4 2 1
134 8 1 1
9 0 201 2
133 7 3 1
1 1 108 2
157 4 1 1
6 3 166 2
27 0 1 1
225 3 4 1
6 3 7 2
228 9 4 1
4 0 0 2
9 1 21 2
5 3 240 2
4 1 29 2
205 2 3 1
253 9 4 1
7 0 238 2
6 1 29 2
7 3 27 2
83 1 0 1
223 9 1 1
9 1 125 2
8 4 170 2
2 2 163 2
2 3 161 2
9 4 73 2
1 0 28 2
80 9 2 1
4 4 17 2
6 1 5 2
105 0 2 1
55 0 0 1
9 3 221 2
242 4 1 1
5 2 72 2
160 0 3 1
54 7 2 1
91 0 0 1
9 2 235 2
183 8 2 1
116 5 2 1
6 3 165 2
207 7 0 1
1 4 243 2
30 0 1 1
183 8 3 1
8 4 6 2
7 1 209 2
204 6 0 1
34 3 1 1
6 0 96 2
9 0 158 2
46 3 3 1
6 3 226 2
27 4 4 1
9 4 182 2
17 3 3 1
4 2 188 2
0 0 46 2
110 7 3 1
2 1 236 2
199 7 0 1
4 2 207 2
122 3 3 1
49 2 1 1
2 0 176 2
82 1 2 1
131 3 0 1
1 3 189 2
5 4 252 2
9 2 95 2
0 4 91 2
3 0 43 2
56 3 3 1
196 4 4 1
0 1 19 2
44 8 3 1
5 2 115 2
0 0 125 2
67 5 3 1
3 4 101 2
1 0 145 2
6 2 226 2
141 0 4 1
123 6 0 1
120 4 1 1
228 7 1 1
44 3 2 1
212 6 4 1
0 0 64 2
8 3 165 2
3 0 129 2
220 7 4 1
5 4 118 2
92 3 4 1
5 0 1 2
235 6 1 1
102 5 4 1
173 4 2 1
0 3 188 2
7 1 253 2
2 2 134 2
122 4 1 1
8 4 195 2
218 5 0 1
6 2 218 2
9 0 85 2
5 0 54 2
181 9 1 1
4 0 225 2
204 4 3 1
8 3 53 2
8 4 236 2
221 2 2 1
7 4 203 2
115 4 4 1
3 2 95 2
1 3 213 2
53 5 0 1
51 5 3 1
5 1 80 2
0 4 76 2
142 1 1 1
230 4 0 1
44 8 4 1
1 4 126 2
0 4 26 2
44 2 1 1
3 2 218 2
8 2 98 2
6 2 97 2
8 1 8 2
88 0 0 1
1 0 109 2
93 7 2 1
115 2 4 1
152 7 0 1
87 6 3 1
99 8 4 1
238 2 0 1
203 4 3 1
4 0 134 2
1 0 201 2
5 0 97 2
180 6 4 1
6 2 223 2
1 3 119 2
51 4 2 1
3 0 79 2
132 7 1 1
5 1 218 2
4 1 251 2
3 1 250 2
45 0 1 1
4 4 11 2
18 7 3 1
24 8 1 1
5 1 160 2
213 0 3 1
109 0 3 1
8 2 3 2
222 7 1 1
147 0 1 1
8 1 101 2
1 0 159 2
6 4 32 2
224 9 0 1
86 3 1 1
8 2 99 2
5 4 8 2
230 4 0 1
23 0 4 1
3 3 0 1
5 3 244 2
3 4 30 2
4 1 125 2
207 2 0 1
1 0 239 2
39 1 0 1
6 2 173 2
163 4 3 1
7 4 68 2
6 3 129 2
9 0 52 2
92 5 0 1
94 7 2 1
152 1 0 1
6 4 48 2
43 1 2 1
131 4 0 1
207 3 0 1
109 6 2 1
9 3 48 2
128 0 4 1
6 4 69 2
6 0 24 2
2 1 154 2
193 7 3 1
241 5 2 1
4 4 253 2
240 8 3 1
5 3 208 2
7 1 197 2
63 8 1 1
162 6 4 1
6 2 160 2
133 5 2 1
168 9 4 1
39 3 1 1
9 3 23 2
165 4 4 1
2 1 26 2
84 3 2 1
79 0 0 1
57 1 3 1
6 4 75 2
19 3 2 1
138 4 3 1
0 9 1 1
102 9 2 1
8 2 164 2
1 3 125 2
9 4 249 2
4 2 248 2
236 9 1 1
6 3 34 2
6 2 47 2
2 2 187 2
4 3 39 2
4 3 54 2
58 1 3 1
187 2 3 1
26 4 3 1
153 4 3 1
209 8 2 1
232 8 2 1
8 2 26 2
1 2 127 2
146 1 2 1
145 8 4 1
1 2 2 2
57 1 4 1
108 8 1 1
4 4 96 2
9 3 242 2
1 0 235 2
4 0 50 2
16 3 4 1
4 4 106 2
4 1 70 2
248 7 2 1
210 4 2 1
126 4 2 1
104 2 4 1
8 1 219 2
71 0 1 1
8 0 177 2
8 0 85 2
251 1 1 1
1 1 221 2
8 2 53 2
188 3 3 1
5 1 230 2
2 4 225 2
235 0 4 1
8 2 142 2
153 0 2 1
8 9 2 1
134 9 4 1
4 2 108 2
38 5 0 1
38 5 2 1
150 8 0 1
8 2 159 2
205 1 0 1
14 8 0 1
132 2 3 1
3 2 4 1
6 4 239 2
214 0 2 1
142 8 4 1
92 5 2 1
8 6 0 1
6 0 37 2
5 2 6 2
1 1 46 2
140 7 2 1
26 3 3 1
0 3 148 2
21 1 0 1
0 0 212 2
178 9 3 1
86 4 4 1
3 4 130 2
29 4 4 1
189 8 3 1
1 3 41 2
45 3 0 1
8 4 180 2
22 7 3 1
95 1 3 1
249 4 1 1
32 2 2 1
73 5 2 1
52 4 4 1
6 1 248 2
6 1 191 2
2 2 66 2
174 9 1 1
9 0 49 2
105 6 1 1
72 0 1 1
9 0 161 2
6 1 212 2
7 1 55 2
61 1 3 1
3 1 199 2
8 3 10 2
214 7 0 1
179 5 3 1
136 1 4 1
2 2 48 2
143 7 1 1
31 8 3 1
3 3 44 2
8 1 110 2
7 3 41 2
104 9 2 1
5 1 141 2
4 3 184 2
6 0 71 2
36 9 0 1
55 3 4 1
1 1 140 2
62 4 4 1
4 1 137 2
3 2 4 1
0 9 0 1
223 2 3 1
1 4 153 2
7 2 155 2
224 8 1 1
6 4 224 2
0 3 197 2
220 1 2 1
42 2 2 1
9 2 24 2
1 3 112 2
202 1 1 1
0 2 144 2
5 0 120 2
85 0 2 1
0 1 62 2
153 5 0 1
40 9 0 1
62 1 4 1
6 0 85 2
166 3 0 1
6 3 98 2
9 3 96 2
6 2 16 2
9 3 246 2
69 7 0 1
76 5 2 1
213 9 1 1
1 3 59 2
3 0 70 2
123 6 1 1
0 4 32 2
68 1 2 1
8 0 139 2
142 2 1 1
11 9 4 1
3 2 243 2
4 3 89 2
15 9 2 1
1 2 19 2
173 2 1 1
1 4 112 2
144 8 2 1
33 2 2 1
235 2 1 1
0 0 36 2
3 4 168 2
199 8 2 1
139 8 2 1
64 7 2 1
9 1 166 2
130 4 0 1
91 3 3 1
0 2 154 2
18 7 2 1
2 0 99 2
121 2 2 1
4 6 0 1
7 4 76 2
4 1 12 2
65 8 2 1
179 6 1 1
4 0 54 2
7 0 131 2
251 9 2 1
185 5 1 1
1 0 145 2
156 0 4 1
179 0 3 1
0 4 38 2
6 0 218 2
60 5 4 1
8 3 161 2
158 1 3 1
3 3 47 2
96 6 1 1
246 1 3 1
83 7 4 1
2 3 167 2
251 5 4 1
49 6 4 1
3 1 136 2
4 2 3 1
170 5 0 1
96 6 2 1
124 3 3 1
163 2 3 1
79 0 0 1
176 9 2 1
249 3 2 1
56 7 2 1
0 4 147 2
6 2 192 2
4 2 109 2
5 1 74 2
3 2 82 2
125 6 2 1
4 3 84 2
72 6 4 1
195 5 1 1
7 3 66 2
2 4 229 2
9 3 177 2
52 0 3 1
8 1 3 1
7 4 29 2
5 2 221 2
76 5 2 1
1 1 199 2
7 0 208 2
2 1 230 2
149 0 2 1
11 6 0 1
2 0 230 2
111 9 2 1
1 0 117 2
111 3 1 1
224 8 0 1
3 2 103 2
1 4 142 2
172 5 4 1
1 1 76 2
164 2 0 1
21 1 4 1
175 4 4 1
4 4 150 2
170 7 2 1
1 2 183 2
234 2 1 1
8 3 187 2
2 3 196 2
5 4 199 2
