Base Image:
[1, 1, 1, 1, 1, 1, 1, 1, 1, 1, 1, 1, 1, 1, 1, 1, 1, 1, 1, 1, 1, 1, 1, 1, 1, 1, 1, 1, 1, 1, 1, 1, 1, 1, 1, 1, 1, 1, 1, 1, 1, 1, 1, 1, 1, 1, 1, 1, 1, 1]
[1, 1, 1, 1, 1, 1, 1, 1, 1, -1, 1, 1, 1, 1, 1, 1, -1, 1, 1, 1, 1, 1, 1, 1, 1, 1, 1, 1, 1, 1, 1, 1, 1, 1, 1, 1, 1, -1, -1, 1, 1, 1, 1, 1, 1, 1, 1, 1, 1, 1]
[1, 1, 1, 1, 1, 1, 1, 1, -1, 1, 1, 1, 1, 1, 1, 1, 1, 1, 1, 1, 1, 1, 1, 1, 1, 1, 1, 1, 1, 1, 1, 1, 1, 1, 1, 1, 1, -1, -1, 1, -1, -1, -1, 1, 1, 1, 1, 1, 1, 1]
[1, 1, 1, 1, 1, -1, 1, 1, 1, 1, 1, 1, 1, 1, 1, 1, 1, 1, -1, -1, 1, 1, 1, 1, 1, 1, 1, 1, 1, 1, 1, 1, 1, 1, 1, -1, -1, -1, -1, -1, -1, -1, -1, -1, 1, 1, 1, 1, 1, 1]
[1, 1, -1, 1, 1, 1, 1, 1, 1, 1, 1, 1, 1, 1, 1, 1, 1, 1, -1, -1, -1, 1, 1, 1, 1, 1, 1, 1, 1, 1, 1, 1, 1, -1, -1, -1, -1, -1, -1, -1, -1, -1, -1, -1, 1, 1, 1, 1, 1, 1]
[1, 1, -1, -1, 1, 1, 1, 1, 1, 1, 1, 1, 1, 1, 1, 1, 1, 1, 1, -1, -1, -1, 1, 1, 1, 1, 1, 1, 1, 1, 1, 1, 1, 1, 1, -1, -1, -1, -1, -1, -1, -1, -1, -1, -1, -1, -1, -1, -1, 1]
[1, 1, -1, -1, 1, 1, 1, 1, 1, 1, 1, 1, 1, 1, 1, 1, -1, -1, 1, -1, -1, -1, 1, 1, 1, 1, -1, 1, 1, 1, 1, 1, 1, 1, 1, 1, 1, -1, -1, -1, -1, -1, -1, -1, -1, -1, -1, -1, -1, 1]
[1, 1, -1, -1, 1, 1, 1, 1, 1, 1, 1, 1, 1, 1, 1, 1, -1, -1, 1, -1, -1, -1, -1, -1, 1, 1, 1, 1, 1, 1, -1, 1, 1, 1, 1, 1, -1, -1, -1, -1, -1, -1, -1, -1, -1, -1, -1, -1, -1, -1]
[1, 1, 1, 1, 1, -1, 1, 1, 1, 1, 1, 1, 1, 1, 1, 1, -1, 1, 1, -1, -1, -1, -1, -1, 1, 1, 1, 1, 1, -1, -1, -1, -1, 1, 1, 1, -1, -1, -1, -1, -1, -1, -1, -1, -1, -1, -1, -1, -1, -1]
[1, 1, 1, 1, 1, 1, 1, 1, 1, 1, 1, 1, 1, 1, 1, 1, 1, 1, 1, -1, -1, -1, -1, -1, 1, 1, -1, -1, 1, -1, 1, -1, -1, 1, 1, 1, 1, 1, -1, -1, -1, -1, 1, -1, -1, -1, -1, 1, 1, -1]
[1, 1, 1, 1, -1, 1, 1, 1, 1, 1, 1, 1, 1, 1, -1, 1, 1, 1, 1, 1, -1, 1, 1, 1, 1, 1, 1, 1, 1, 1, 1, 1, -1, 1, 1, 1, -1, -1, -1, -1, -1, -1, 1, 1, -1, -1, -1, -1, -1, -1]
[1, 1, 1, 1, 1, 1, 1, 1, 1, 1, 1, 1, 1, 1, 1, 1, 1, 1, 1, 1, 1, 1, 1, 1, 1, 1, 1, 1, 1, 1, -1, -1, -1, 1, 1, 1, -1, 1, -1, -1, -1, -1, 1, -1, -1, -1, -1, -1, -1, -1]
[-1, 1, 1, 1, 1, 1, 1, 1, 1, 1, 1, 1, 1, 1, 1, 1, 1, 1, 1, 1, 1, 1, -1, 1, 1, 1, 1, 1, -1, -1, -1, -1, -1, -1, 1, 1, -1, -1, -1, 1, -1, 1, 1, -1, -1, -1, -1, -1, -1, -1]
[1, 1, 1, 1, 1, 1, 1, 1, 1, 1, 1, 1, 1, 1, 1, 1, 1, 1, 1, 1, -1, -1, -1, 1, 1, 1, 1, 1, -1, -1, -1, -1, -1, -1, -1, -1, -1, -1, -1, -1, -1, -1, 1, -1, -1, -1, -1, -1, 1, 1]
[1, 1, 1, 1, 1, 1, 1, 1, 1, 1, 1, 1, 1, 1, 1, 1, 1, 1, 1, 1, 1, -1, -1, 1, 1, 1, 1, -1, -1, -1, -1, -1, -1, -1, -1, -1, -1, -1, -1, -1, -1, -1, -1, -1, -1, -1, -1, -1, -1, 1]
[1, 1, 1, 1, 1, 1, 1, 1, -1, 1, 1, 1, -1, 1, 1, 1, 1, 1, 1, 1, 1, -1, -1, 1, 1, 1, 1, -1, -1, -1, -1, -1, -1, -1, -1, -1, -1, -1, -1, -1, -1, -1, -1, -1, -1, -1, -1, -1, 1, 1]
[1, 1, 1, 1, 1, 1, 1, 1, 1, -1, 1, 1, 1, 1, 1, 1, 1, 1, 1, 1, 1, 1, -1, 1, 1, 1, 1, 1, -1, -1, -1, -1, -1, -1, -1, -1, -1, -1, -1, -1, -1, 1, -1, -1, -1, -1, -1, -1, -1, 1]
[1, 1, 1, 1, 1, -1, -1, -1, -1, -1, 1, 1, -1, -1, 1, 1, 1, 1, 1, 1, 1, 1, -1, 1, -1, 1, 1, 1, -1, -1, -1, -1, -1, -1, -1, -1, -1, -1, -1, -1, -1, -1, -1, -1, -1, -1, -1, -1, -1, 1]
[1, 1, 1, -1, -1, -1, -1, -1, -1, -1, -1, -1, -1, -1, -1, 1, 1, 1, 1, 1, 1, 1, 1, 1, -1, 1, -1, -1, -1, -1, -1, -1, -1, -1, -1, -1, -1, -1, -1, -1, -1, -1, -1, -1, -1, -1, -1, -1, -1, 1]
[1, 1, -1, -1, -1, -1, -1, -1, -1, -1, -1, -1, -1, -1, 1, 1, 1, -1, 1, 1, 1, -1, -1, -1, -1, 1, -1, -1, -1, -1, -1, -1, -1, -1, -1, -1, -1, -1, -1, -1, -1, -1, -1, -1, -1, -1, -1, -1, -1, 1]
[1, 1, 1, -1, -1, -1, -1, -1, 1, -1, -1, -1, -1, -1, 1, -1, 1, 1, 1, 1, 1, 1, 1, -1, -1, 1, 1, -1, -1, -1, -1, -1, -1, -1, -1, -1, -1, -1, -1, -1, -1, -1, -1, -1, -1, -1, -1, -1, -1, 1]
[1, 1, 1, 1, 1, -1, -1, -1, 1, -1, 1, 1, 1, 1, 1, 1, 1, 1, 1, 1, 1, 1, 1, 1, 1, 1, 1, 1, -1, -1, -1, -1, 1, -1, -1, -1, -1, -1, -1, -1, -1, -1, -1, -1, -1, -1, 1, -1, -1, 1]
[-1, 1, 1, 1, 1, 1, 1, 1, 1, -1, 1, 1, 1, 1, 1, 1, 1, 1, 1, 1, 1, 1, 1, 1, 1, 1, 1, -1, -1, -1, 1, -1, 1, -1, -1, -1, -1, -1, -1, -1, -1, -1, -1, -1, -1, -1, -1, -1, -1, -1]
[-1, 1, 1, 1, 1, 1, 1, 1, 1, 1, 1, 1, -1, 1, 1, 1, 1, 1, 1, 1, 1, 1, 1, 1, 1, 1, 1, 1, -1, -1, 1, -1, -1, -1, -1, -1, -1, -1, -1, -1, -1, -1, -1, -1, -1, -1, -1, -1, -1, -1]
[-1, -1, 1, 1, 1, 1, 1, -1, -1, -1, 1, 1, 1, 1, 1, 1, 1, 1, 1, 1, 1, -1, 1, 1, 1, 1, 1, -1, -1, -1, -1, -1, -1, -1, -1, -1, -1, -1, -1, -1, -1, -1, -1, -1, -1, -1, -1, -1, -1, -1]
[-1, 1, 1, 1, -1, 1, 1, -1, -1, 1, 1, 1, 1, 1, 1, 1, 1, 1, 1, 1, -1, 1, 1, 1, 1, 1, -1, -1, -1, -1, -1, -1, -1, -1, -1, -1, -1, -1, -1, -1, -1, -1, -1, -1, -1, -1, -1, -1, -1, -1]
[-1, -1, -1, 1, -1, 1, 1, -1, 1, 1, 1, 1, 1, 1, 1, 1, -1, 1, 1, 1, 1, -1, -1, -1, 1, 1, 1, -1, -1, -1, -1, -1, -1, -1, -1, -1, -1, -1, -1, -1, -1, -1, -1, 1, -1, -1, -1, -1, -1, -1]
[-1, -1, -1, -1, -1, 1, 1, 1, 1, 1, 1, 1, 1, 1, 1, 1, -1, 1, 1, 1, 1, -1, -1, -1, 1, 1, -1, 1, 1, 1, -1, 1, -1, -1, -1, -1, 1, -1, -1, -1, -1, -1, -1, 1, -1, -1, -1, -1, -1, -1]
[-1, -1, -1, -1, -1, -1, 1, 1, 1, 1, 1, 1, -1, 1, 1, 1, 1, 1, 1, 1, 1, 1, -1, -1, 1, 1, 1, 1, 1, 1, 1, 1, -1, -1, -1, -1, 1, -1, -1, -1, -1, -1, -1, 1, -1, -1, -1, -1, -1, -1]
[-1, -1, -1, -1, -1, 1, 1, 1, 1, 1, -1, 1, -1, 1, 1, 1, 1, 1, 1, 1, 1, 1, -1, -1, 1, 1, 1, 1, 1, 1, 1, 1, -1, -1, -1, -1, -1, -1, -1, -1, -1, -1, -1, -1, -1, -1, -1, -1, -1, -1]
[-1, -1, -1, -1, -1, -1, 1, 1, 1, 1, 1, 1, 1, 1, 1, 1, 1, 1, 1, 1, 1, 1, 1, 1, 1, 1, 1, 1, 1, 1, 1, 1, -1, -1, -1, 1, 1, -1, -1, 1, -1, -1, -1, -1, -1, -1, -1, -1, -1, -1]
[-1, -1, -1, -1, -1, 1, 1, 1, 1, 1, 1, 1, 1, 1, 1, 1, 1, 1, 1, 1, -1, 1, 1, 1, 1, 1, 1, 1, 1, 1, 1, 1, -1, -1, -1, 1, -1, -1, -1, -1, -1, -1, -1, -1, -1, -1, -1, -1, -1, -1]
[-1, -1, -1, -1, -1, -1, 1, 1, 1, 1, 1, 1, 1, 1, 1, -1, 1, 1, 1, 1, 1, 1, 1, 1, 1, 1, 1, 1, 1, 1, 1, -1, -1, -1, 1, 1, -1, -1, -1, -1, -1, -1, -1, 1, 1, -1, -1, -1, -1, -1]
[-1, -1, -1, -1, -1, -1, -1, -1, 1, 1, 1, 1, 1, 1, 1, -1, 1, 1, 1, 1, 1, 1, 1, -1, 1, 1, 1, 1, 1, 1, 1, -1, 1, 1, 1, 1, 1, -1, -1, -1, -1, -1, -1, 1, 1, -1, -1, -1, -1, -1]
[-1, -1, -1, -1, -1, -1, -1, -1, -1, 1, 1, 1, 1, 1, 1, -1, 1, 1, 1, 1, 1, 1, 1, 1, 1, 1, 1, 1, 1, 1, 1, 1, 1, 1, 1, 1, 1, -1, 1, 1, 1, 1, 1, 1, 1, -1, -1, -1, -1, -1]
[-1, -1, -1, -1, -1, 1, 1, -1, -1, 1, 1, 1, 1, 1, 1, 1, 1, 1, 1, 1, 1, 1, 1, 1, 1, 1, 1, 1, 1, 1, 1, 1, 1, 1, 1, 1, 1, 1, 1, 1, 1, 1, 1, 1, 1, -1, -1, -1, -1, -1]
[-1, -1, -1, -1, -1, -1, -1, -1, -1, 1, 1, 1, 1, 1, 1, 1, 1, 1, 1, 1, 1, 1, 1, -1, -1, 1, 1, 1, 1, 1, -1, -1, 1, 1, 1, 1, 1, 1, 1, 1, -1, -1, 1, 1, 1, -1, -1, -1, -1, -1]
[-1, -1, -1, -1, -1, -1, 1, 1, 1, 1, 1, 1, 1, 1, 1, 1, 1, 1, 1, 1, 1, 1, 1, 1, 1, 1, 1, 1, 1, 1, -1, -1, 1, 1, 1, 1, 1, 1, 1, -1, -1, 1, 1, 1, 1, 1, -1, -1, -1, -1]
[-1, -1, -1, -1, -1, -1, 1, 1, 1, 1, 1, 1, 1, 1, 1, 1, 1, 1, 1, 1, 1, 1, -1, 1, 1, 1, 1, 1, 1, 1, 1, 1, 1, 1, 1, 1, 1, 1, -1, -1, -1, 1, 1, -1, 1, 1, -1, -1, -1, -1]
[-1, -1, -1, -1, -1, -1, 1, 1, 1, 1, -1, 1, 1, 1, 1, 1, 1, 1, 1, 1, 1, 1, 1, 1, 1, 1, 1, -1, 1, 1, 1, 1, 1, 1, 1, 1, 1, 1, -1, 1, 1, 1, 1, -1, 1, 1, 1, 1, 1, -1]
[-1, -1, -1, -1, -1, -1, 1, 1, 1, 1, 1, 1, 1, 1, 1, 1, 1, 1, 1, 1, 1, 1, 1, 1, 1, 1, 1, 1, 1, 1, 1, 1, 1, 1, 1, 1, 1, 1, 1, 1, -1, 1, -1, -1, 1, 1, 1, 1, 1, 1]
[-1, -1, -1, -1, -1, -1, -1, 1, 1, 1, 1, 1, 1, 1, 1, 1, 1, 1, 1, 1, 1, 1, 1, 1, 1, 1, 1, 1, 1, 1, 1, 1, 1, 1, 1, 1, 1, 1, 1, 1, 1, 1, 1, 1, 1, 1, 1, 1, 1, 1]
[-1, -1, -1, -1, -1, -1, 1, 1, 1, 1, 1, 1, 1, 1, 1, 1, 1, 1, 1, -1, 1, 1, 1, 1, 1, 1, 1, 1, 1, 1, 1, 1, 1, 1, -1, -1, 1, 1, 1, 1, 1, 1, -1, -1, 1, 1, 1, 1, -1, 1]
[1, -1, -1, -1, -1, -1, 1, 1, 1, 1, 1, 1, 1, 1, 1, -1, 1, 1, 1, 1, 1, 1, 1, 1, 1, 1, 1, 1, -1, 1, 1, -1, 1, 1, 1, 1, 1, 1, 1, 1, 1, 1, 1, 1, 1, 1, 1, 1, -1, 1]
[1, -1, -1, -1, -1, -1, 1, 1, 1, 1, 1, 1, 1, 1, 1, 1, 1, 1, 1, 1, 1, 1, 1, 1, -1, -1, 1, -1, -1, -1, -1, -1, 1, 1, 1, 1, 1, 1, 1, 1, 1, 1, 1, 1, 1, 1, 1, -1, -1, 1]
[-1, -1, -1, -1, -1, -1, 1, 1, 1, 1, 1, 1, 1, 1, 1, 1, 1, 1, 1, 1, 1, 1, 1, 1, -1, 1, 1, -1, 1, 1, 1, 1, 1, 1, 1, 1, 1, 1, 1, 1, 1, 1, 1, 1, 1, 1, 1, -1, 1, 1]
[-1, -1, -1, 1, 1, 1, 1, 1, 1, 1, 1, 1, -1, 1, 1, 1, 1, 1, 1, 1, -1, 1, 1, -1, -1, 1, 1, 1, 1, 1, 1, 1, 1, 1, 1, 1, 1, 1, 1, 1, 1, 1, 1, 1, 1, 1, 1, -1, 1, -1]
[-1, 1, -1, -1, 1, 1, 1, 1, 1, 1, 1, 1, -1, 1, 1, 1, 1, 1, 1, 1, 1, 1, 1, 1, 1, 1, 1, 1, 1, 1, -1, 1, 1, 1, 1, 1, 1, 1, 1, 1, 1, 1, 1, 1, 1, 1, 1, 1, -1, -1]
Degeneration Image :
[1, 1, 1, 1, 1, 1, 1, 1, -1, 1, 1, 1, 1, 1, 1, 1, -1, 1, 1, -1, 1, 1, 1, 1, -1, 1, 1, 1, 1, 1, 1, 1, 1, 1, -1, 1, 1, 1, 1, 1, 1, 1, 1, 1, 1, -1, 1, 1, 1, 1]
[1, 1, 1, -1, 1, -1, 1, 1, 1, -1, 1, 1, -1, 1, 1, 1, -1, 1, 1, 1, 1, 1, 1, 1, 1, 1, 1, 1, 1, 1, 1, 1, 1, -1, 1, -1, 1, -1, -1, 1, 1, 1, -1, -1, -1, 1, -1, 1, -1, 1]
[1, 1, -1, 1, 1, 1, 1, -1, 1, 1, 1, 1, 1, 1, 1, 1, 1, 1, 1, 1, 1, 1, 1, 1, 1, 1, 1, 1, 1, -1, 1, -1, 1, 1, 1, 1, 1, -1, -1, 1, 1, -1, -1, 1, -1, 1, -1, 1, 1, 1]
[-1, 1, 1, 1, 1, -1, 1, 1, 1, -1, 1, 1, 1, 1, 1, 1, 1, 1, -1, -1, -1, 1, 1, 1, -1, 1, 1, 1, -1, 1, 1, -1, 1, 1, 1, -1, -1, -1, 1, -1, -1, -1, -1, -1, 1, -1, 1, 1, 1, 1]
[1, 1, -1, 1, -1, 1, 1, 1, -1, 1, 1, 1, -1, -1, 1, 1, -1, 1, -1, 1, -1, 1, 1, 1, 1, -1, 1, 1, -1, 1, 1, 1, 1, -1, 1, 1, -1, -1, -1, -1, -1, -1, -1, -1, 1, 1, 1, -1, -1, 1]
[1, 1, -1, -1, 1, 1, 1, 1, 1, 1, -1, 1, 1, -1, -1, 1, 1, 1, -1, -1, -1, -1, 1, 1, -1, 1, -1, 1, 1, 1, 1, 1, 1, -1, 1, -1, -1, -1, -1, -1, -1, -1, -1, -1, -1, -1, -1, -1, -1, 1]
[-1, 1, -1, 1, 1, 1, 1, 1, 1, 1, -1, -1, 1, -1, 1, 1, 1, -1, -1, -1, -1, 1, 1, -1, 1, 1, -1, 1, 1, 1, -1, 1, 1, -1, -1, 1, 1, -1, -1, -1, -1, -1, -1, -1, -1, -1, -1, 1, -1, 1]
[1, 1, -1, -1, -1, 1, 1, 1, -1, 1, 1, 1, 1, 1, 1, -1, -1, 1, 1, -1, -1, -1, -1, 1, 1, 1, -1, 1, 1, -1, -1, 1, -1, 1, 1, 1, -1, -1, -1, -1, 1, -1, -1, -1, -1, -1, 1, -1, -1, -1]
[1, 1, -1, -1, 1, 1, -1, 1, 1, 1, 1, 1, -1, 1, -1, 1, 1, 1, 1, 1, -1, 1, -1, -1, 1, 1, 1, -1, -1, -1, -1, -1, 1, 1, 1, 1, -1, -1, -1, -1, -1, 1, 1, -1, 1, -1, 1, -1, -1, -1]
[-1, 1, 1, 1, 1, 1, 1, 1, 1, 1, 1, 1, 1, -1, 1, 1, 1, -1, 1, 1, -1, -1, -1, -1, 1, -1, -1, -1, 1, 1, 1, -1, -1, 1, 1, 1, 1, 1, -1, 1, 1, -1, 1, -1, -1, -1, 1, 1, 1, 1]
[1, 1, 1, 1, -1, -1, 1, -1, 1, 1, 1, 1, 1, -1, -1, 1, -1, 1, 1, 1, -1, 1, 1, -1, -1, 1, 1, -1, 1, 1, 1, 1, -1, 1, 1, 1, -1, 1, -1, 1, -1, -1, 1, 1, -1, 1, 1, 1, 1, 1]
[1, -1, -1, 1, 1, 1, 1, -1, 1, 1, -1, -1, 1, -1, 1, -1, 1, 1, 1, 1, -1, 1, 1, 1, 1, 1, 1, 1, 1, 1, 1, 1, 1, 1, 1, 1, -1, 1, 1, -1, -1, -1, 1, -1, -1, 1, 1, -1, -1, -1]
[-1, 1, 1, 1, 1, 1, 1, -1, 1, 1, -1, 1, 1, -1, 1, 1, 1, 1, 1, 1, 1, 1, -1, 1, 1, 1, -1, 1, -1, 1, -1, -1, -1, -1, -1, 1, -1, -1, -1, 1, -1, 1, 1, -1, -1, -1, -1, 1, -1, -1]
[1, 1, 1, 1, 1, 1, -1, 1, -1, 1, -1, 1, -1, 1, -1, -1, 1, 1, 1, 1, -1, 1, -1, -1, 1, -1, 1, -1, -1, -1, -1, 1, 1, 1, -1, 1, -1, -1, 1, 1, 1, -1, -1, -1, -1, -1, -1, 1, 1, 1]
[1, 1, -1, -1, 1, 1, 1, 1, 1, 1, 1, 1, 1, 1, 1, 1, 1, 1, 1, 1, -1, -1, -1, 1, 1, -1, 1, -1, -1, -1, -1, -1, -1, -1, -1, -1, 1, -1, 1, -1, -1, -1, -1, -1, -1, -1, -1, -1, 1, 1]
[1, -1, 1, 1, 1, 1, 1, -1, -1, 1, -1, -1, -1, -1, 1, -1, 1, 1, 1, -1, 1, -1, -1, 1, 1, 1, 1, -1, -1, -1, -1, -1, -1, -1, -1, 1, -1, -1, -1, -1, 1, -1, -1, 1, -1, 1, -1, -1, 1, 1]
[1, 1, 1, -1, 1, 1, 1, 1, -1, -1, 1, 1, 1, -1, 1, 1, 1, 1, 1, 1, 1, 1, -1, -1, 1, 1, -1, -1, -1, -1, -1, -1, -1, -1, -1, -1, 1, -1, -1, -1, -1, 1, -1, -1, 1, -1, -1, -1, -1, -1]
[1, 1, 1, -1, 1, -1, -1, -1, -1, -1, 1, 1, -1, -1, 1, 1, 1, 1, -1, 1, 1, 1, -1, 1, -1, 1, 1, 1, 1, -1, -1, 1, -1, 1, 1, 1, -1, -1, 1, -1, 1, -1, -1, -1, -1, -1, -1, -1, -1, 1]
[1, -1, 1, -1, -1, -1, -1, -1, -1, -1, -1, -1, 1, -1, -1, 1, 1, 1, 1, -1, 1, 1, 1, 1, -1, 1, 1, -1, -1, -1, -1, -1, -1, -1, -1, 1, -1, -1, -1, -1, 1, 1, -1, -1, -1, -1, -1, -1, -1, -1]
[1, 1, -1, -1, -1, -1, 1, -1, -1, 1, -1, 1, 1, -1, 1, 1, 1, 1, -1, 1, 1, -1, 1, -1, -1, 1, -1, -1, -1, -1, -1, -1, -1, -1, 1, 1, -1, -1, -1, -1, -1, -1, -1, -1, -1, -1, -1, -1, 1, -1]
[-1, 1, 1, -1, 1, -1, -1, -1, -1, -1, -1, -1, 1, -1, 1, -1, -1, 1, 1, -1, -1, -1, -1, 1, -1, 1, -1, -1, -1, 1, -1, -1, -1, -1, -1, -1, 1, -1, 1, -1, 1, 1, -1, -1, -1, 1, -1, 1, -1, 1]
[1, 1, 1, 1, 1, -1, 1, -1, 1, -1, 1, 1, -1, 1, 1, 1, -1, 1, 1, 1, 1, 1, 1, 1, 1, 1, 1, 1, -1, -1, -1, 1, 1, -1, -1, -1, -1, 1, 1, -1, -1, -1, -1, -1, -1, 1, 1, 1, -1, 1]
[-1, 1, -1, 1, 1, 1, 1, -1, -1, -1, 1, 1, 1, 1, 1, -1, 1, -1, 1, 1, 1, 1, 1, 1, 1, 1, 1, -1, -1, -1, -1, -1, 1, 1, -1, -1, -1, -1, -1, -1, -1, 1, -1, -1, -1, -1, -1, -1, -1, -1]
[-1, 1, 1, -1, 1, 1, 1, 1, 1, 1, 1, 1, -1, 1, -1, 1, 1, 1, 1, -1, 1, 1, 1, 1, 1, 1, 1, 1, -1, -1, -1, 1, 1, 1, -1, -1, -1, -1, 1, -1, -1, -1, 1, -1, -1, -1, -1, -1, -1, -1]
[1, -1, 1, 1, -1, 1, 1, -1, 1, -1, -1, 1, 1, -1, -1, 1, -1, 1, 1, 1, -1, -1, 1, 1, 1, 1, 1, 1, -1, -1, 1, -1, -1, 1, -1, 1, -1, -1, -1, -1, -1, -1, -1, -1, -1, -1, -1, -1, -1, 1]
[-1, -1, 1, 1, -1, 1, -1, -1, -1, 1, 1, 1, 1, 1, 1, 1, 1, -1, -1, 1, -1, 1, 1, 1, 1, 1, -1, -1, -1, -1, -1, -1, -1, 1, 1, 1, -1, -1, -1, -1, -1, -1, -1, -1, -1, -1, 1, 1, -1, -1]
[-1, -1, -1, 1, -1, 1, -1, -1, 1, 1, 1, 1, 1, 1, 1, -1, -1, 1, 1, 1, 1, -1, 1, -1, 1, 1, 1, 1, 1, -1, -1, -1, -1, -1, -1, -1, 1, -1, -1, -1, -1, 1, -1, 1, -1, 1, -1, 1, 1, -1]
[-1, -1, 1, 1, -1, -1, 1, 1, 1, 1, -1, 1, 1, 1, 1, 1, 1, 1, -1, 1, -1, -1, -1, -1, 1, -1, 1, -1, 1, 1, 1, 1, -1, -1, 1, -1, 1, -1, -1, -1, -1, -1, -1, 1, -1, 1, -1, -1, -1, -1]
[1, 1, -1, -1, -1, 1, 1, 1, 1, 1, 1, 1, -1, 1, 1, 1, 1, 1, -1, -1, 1, 1, -1, -1, -1, 1, 1, 1, 1, 1, 1, 1, -1, 1, -1, -1, 1, -1, -1, -1, -1, -1, 1, 1, -1, -1, -1, -1, 1, -1]
[1, 1, 1, -1, -1, 1, -1, 1, -1, 1, -1, 1, -1, -1, 1, 1, 1, 1, 1, 1, 1, -1, 1, 1, 1, 1, 1, 1, -1, 1, 1, 1, -1, -1, -1, 1, -1, -1, -1, -1, -1, -1, -1, -1, -1, -1, -1, 1, -1, 1]
[-1, 1, -1, -1, -1, -1, 1, 1, 1, -1, 1, 1, -1, 1, 1, 1, 1, -1, 1, 1, 1, 1, 1, -1, 1, 1, -1, -1, 1, 1, 1, -1, -1, -1, -1, 1, 1, -1, 1, 1, -1, 1, -1, -1, 1, -1, 1, -1, -1, -1]
[-1, -1, -1, 1, -1, -1, 1, -1, 1, -1, 1, 1, 1, 1, 1, -1, -1, 1, 1, 1, -1, -1, 1, -1, 1, 1, -1, -1, 1, 1, 1, 1, -1, -1, -1, 1, 1, -1, -1, -1, -1, -1, -1, -1, -1, 1, -1, -1, -1, -1]
[-1, -1, -1, -1, 1, 1, 1, 1, -1, 1, 1, 1, 1, -1, 1, -1, 1, 1, 1, 1, -1, 1, 1, 1, 1, -1, 1, 1, 1, 1, -1, 1, -1, -1, 1, 1, -1, -1, -1, -1, -1, -1, 1, 1, 1, -1, -1, -1, -1, 1]
[-1, -1, -1, -1, -1, 1, -1, -1, 1, 1, -1, 1, 1, -1, 1, 1, 1, 1, 1, -1, 1, 1, 1, -1, 1, -1, 1, 1, 1, 1, -1, -1, 1, 1, 1, 1, 1, -1, 1, 1, 1, -1, 1, 1, 1, -1, 1, -1, -1, -1]
[-1, 1, -1, -1, 1, -1, -1, -1, -1, 1, 1, 1, 1, 1, 1, -1, 1, -1, -1, 1, 1, 1, 1, 1, 1, 1, 1, 1, 1, 1, 1, 1, -1, -1, -1, 1, 1, -1, 1, -1, -1, 1, 1, 1, 1, -1, -1, -1, 1, -1]
[-1, 1, -1, -1, -1, 1, -1, -1, -1, 1, 1, 1, 1, 1, 1, -1, -1, 1, 1, 1, 1, 1, 1, 1, 1, 1, -1, 1, 1, -1, 1, 1, 1, -1, 1, 1, 1, 1, 1, 1, 1, 1, 1, -1, 1, 1, 1, -1, -1, -1]
[-1, 1, 1, 1, 1, -1, -1, -1, -1, -1, 1, -1, 1, -1, -1, 1, 1, -1, 1, 1, 1, -1, 1, -1, -1, 1, 1, 1, -1, -1, -1, -1, 1, 1, 1, 1, 1, 1, 1, 1, -1, -1, 1, 1, 1, -1, 1, -1, -1, -1]
[-1, 1, -1, 1, 1, 1, 1, 1, 1, 1, -1, 1, -1, 1, 1, 1, 1, 1, 1, 1, 1, -1, 1, 1, -1, -1, -1, -1, 1, 1, -1, -1, 1, -1, 1, 1, 1, 1, 1, -1, -1, 1, -1, 1, 1, -1, -1, -1, -1, -1]
[-1, -1, -1, -1, -1, -1, 1, 1, 1, 1, 1, 1, 1, 1, 1, 1, 1, 1, 1, 1, 1, 1, -1, 1, 1, 1, 1, 1, 1, -1, 1, -1, 1, -1, 1, 1, -1, 1, -1, 1, -1, 1, 1, -1, -1, 1, -1, -1, 1, -1]
[-1, -1, -1, -1, -1, -1, 1, 1, 1, 1, -1, 1, 1, -1, 1, 1, 1, -1, -1, 1, 1, 1, 1, 1, 1, 1, 1, -1, 1, 1, 1, 1, 1, -1, 1, 1, 1, -1, -1, 1, 1, -1, 1, -1, -1, 1, -1, 1, -1, -1]
[-1, -1, -1, -1, -1, -1, -1, 1, 1, 1, 1, 1, -1, 1, 1, 1, 1, 1, -1, 1, 1, 1, -1, -1, 1, 1, 1, -1, 1, 1, 1, 1, -1, 1, 1, 1, 1, 1, 1, 1, -1, 1, -1, -1, 1, -1, -1, 1, 1, 1]
[-1, -1, -1, -1, 1, -1, -1, 1, 1, 1, -1, 1, 1, 1, 1, 1, -1, 1, 1, -1, 1, 1, 1, 1, 1, 1, 1, 1, 1, 1, 1, 1, 1, 1, 1, 1, 1, 1, 1, -1, 1, -1, 1, 1, 1, 1, 1, 1, 1, 1]
[-1, -1, -1, 1, -1, -1, 1, 1, -1, -1, -1, 1, -1, -1, 1, 1, 1, -1, 1, -1, 1, -1, 1, 1, 1, 1, 1, 1, -1, 1, 1, -1, -1, 1, -1, 1, 1, 1, 1, -1, 1, 1, -1, 1, 1, 1, 1, 1, -1, 1]
[1, 1, -1, -1, 1, -1, 1, 1, -1, 1, -1, 1, 1, 1, -1, -1, 1, 1, 1, 1, 1, -1, -1, 1, 1, 1, 1, 1, -1, 1, -1, -1, 1, 1, -1, 1, -1, 1, 1, 1, 1, -1, 1, 1, 1, 1, 1, -1, -1, 1]
[1, -1, -1, -1, -1, -1, 1, 1, 1, 1, 1, 1, 1, 1, -1, -1, 1, -1, 1, 1, 1, -1, 1, 1, 1, -1, 1, -1, -1, 1, -1, -1, 1, 1, 1, -1, 1, 1, -1, -1, 1, 1, -1, 1, 1, 1, 1, -1, -1, 1]
[1, -1, -1, -1, 1, -1, 1, 1, 1, 1, 1, 1, 1, 1, 1, 1, 1, 1, -1, 1, 1, 1, 1, 1, -1, 1, 1, 1, 1, 1, 1, 1, 1, -1, 1, -1, -1, 1, 1, -1, -1, 1, -1, -1, 1, 1, 1, -1, 1, 1]
[-1, -1, -1, 1, 1, -1, 1, 1, 1, 1, 1, 1, 1, -1, 1, 1, 1, 1, -1, 1, 1, 1, 1, -1, 1, 1, 1, 1, 1, 1, 1, 1, 1, 1, 1, 1, 1, 1, 1, 1, 1, 1, 1, 1, 1, 1, 1, 1, 1, 1]
[1, 1, 1, -1, 1, 1, -1, -1, 1, 1, 1, 1, 1, 1, 1, 1, 1, 1, 1, -1, 1, 1, 1, 1, 1, 1, 1, 1, -1, 1, -1, 1, 1, 1, 1, 1, 1, 1, -1, -1, 1, 1, 1, 1, -1, -1, 1, 1, -1, -1]
Error :
478.522002203
311.866721878
195.740270313
143.309700724
98.6339751061
76.7901929022
56.834617665
45.6360171936
34.9561239635
28.5982725049
22.3805684699
18.5301959886
14.7673104807
12.3150179202
9.94404204196
8.34419924504
6.81706606816
5.75745171142
4.76075139513
4.04995472137
3.38845820778
2.90377208444
2.45520691758
2.11805629117
1.80743374443
1.56856834069
1.34902303508
1.17674974224
1.01859612165
0.892434870622
0.776556415785
0.682902607026
0.596824470434
0.526466892947
0.461783160697
0.408391815679
0.359296562315
0.31846547793
0.280875965277
0.249432949199
0.220452250194
0.196093703097
0.173616467596
0.154652101864
0.137130529498
0.122302767332
0.108585911297
0.0969501183856
0.0861723134678
0.0770122222709
0.0685168671667
0.0612855948968
0.0545708943909
0.0488483305687
0.0435282941381
0.0389899285021
0.0347659926244
0.0311599436519
0.0278000541188
0.0249299720097
0.0222530529831
0.0199652700033
0.0178294192608
0.0160033531318
0.0142970239555
0.0128377557339
0.0114730155614
0.0103056325495
0.00921298235247
0.0082782248024
0.00740260802179
0.00665347890993
0.00595121565511
0.00535038753207
0.00478674836951
0.00430452560396
0.00385185157681
0.00346457599388
0.00310080658627
0.00278960609926
0.00249712459371
0.00224692603268
0.00201164846199
0.00181040054831
0.00162105514085
0.0014591114469
0.00130667044784
0.0011763038089
0.00105352989036
0.000948545676015
0.000849633096161
0.000765061106777
0.000685348437159
0.000617199276796
0.000552941796084
0.000498011212312
0.00044619918351
0.00040191206908
0.000360125175045
0.000324411040746
0.000290702065359
0.00026189512014
0.000234697101192
0.000211456836964
0.000189508103217
0.000170755364327
0.000153039724689
0.000137905383422
0.000123604182159
0.000111388086187
9.98415533798e-05
[0.8960901472224061, 0.9490846788252255, 0.9502463205929166, 0.9387778146333539, 0.9498431609474387, 0.938814653101327, 0.9495639906073022, 0.9247361062536232, 0.39828226514615384, 0.9058045493866969, 0.9492771952655176, 0.9505378002520888, 0.9390401821922516, 0.9505645900695222, 0.9498496234465678, 0.9145748656212173, 0.23720802500703275, 0.9128170470936845, 0.9233788407889797, 0.40703105712559445, 0.9255702926521517, 0.9502759900619697, 0.950283223476929, 0.9257117816732212, 0.4084822670059907, 0.9257138737009467, 0.9503218582917434, 0.9512678657948626, 0.9512834601765598, 0.9510899084414399, 0.9512657220255153, 0.9509387819989619, 0.9492424051665334, 0.9047640756309218, 0.38560863554804004, 0.9015544148951504, 0.940075310891112, 0.8335839197969716, 0.8348636975665451, 0.9431496882546733, 0.9495414096834728, 0.9326082794257196, 0.8017906133693937, 0.7510459886368333, 0.7020845223655324, 0.25647460846150144, 0.8819497253646725, 0.9472170288961924, 0.9355687848157302, 0.8940313533548198]
[0.9480792505882587, 0.9769846585613687, 0.9650527339314945, 0.6861718561246333, 0.9649762571081851, 0.6876303103859688, 0.9719008391895017, 0.9712153285649036, 0.9563414863123884, 0.6786821489356452, 0.9718375824057929, 0.9721292613158288, 0.6906964776839188, 0.972251212202164, 0.9775944797596081, 0.9670875296719775, 0.5100100061921848, 0.966949571066171, 0.9759907728375188, 0.9640376997491092, 0.9762278818089286, 0.9778263588644318, 0.977878591715093, 0.9772397642358809, 0.965912714251382, 0.9772376890764762, 0.9778811363225184, 0.9778966994236122, 0.9775543000663972, 0.9722824617630969, 0.9774169667451118, 0.9703702927695892, 0.9715977000715272, 0.6769762674405715, 0.9431277654499034, 0.6426018318348616, 0.8787355627175402, -0.5083862133776957, -0.49965872166121295, 0.897281669277739, 0.9591196349300197, 0.7109295748147023, -0.6575069013912923, -0.7983675745508761, -0.5618896055721785, 0.8046614936074304, 0.5246316817666209, 0.9595733456703965, 0.6790815218539392, 0.9357127183571483]
[0.9251580680243917, 0.9713741984301617, 0.6905218620786089, 0.9657743220518331, 0.9774982730102955, 0.9657927666999341, 0.9724893415581369, 0.697356799289081, 0.9719936955839114, 0.9655512157487568, 0.9779594308777564, 0.9781748577228253, 0.9726632611170709, 0.9779499514953616, 0.9783550683703732, 0.9780248135132785, 0.9684810585403907, 0.9760700175152852, 0.9257496708917664, 0.9082404738677424, 0.9252374562191962, 0.9763114286549125, 0.9783255653646863, 0.9781816168468731, 0.9726566273707964, 0.9780617050316031, 0.97836406805992, 0.978006673088822, 0.9638158048304447, 0.6921726219821208, 0.9636483549913298, 0.6136777113533085, 0.9707048119940377, 0.9721556777336491, 0.9760040027950113, 0.9159330448950271, 0.6183169485278527, -0.8811705641471066, -0.863019227126422, 0.5097550111925051, 0.5463801564847544, -0.7444367536036399, -0.9525076351525256, -0.5340168622542512, -0.5644864052249047, 0.827158277965733, 0.5434561734423287, 0.9674427157009847, 0.9705319538048499, 0.950105489672068]
[0.4069099005711635, 0.9646895565360994, 0.9530480738834594, 0.976271712589002, 0.9655834089391799, 0.693531329705061, 0.9726793182954837, 0.9725107605264679, 0.9658459168042204, 0.6935646423141427, 0.9727386372285262, 0.9779642063476467, 0.9689461039594187, 0.9644892664537298, 0.9776249071820359, 0.9781335507735461, 0.971063219835939, 0.9231181751813421, -0.5236337153363855, -0.754435815773898, -0.5330382544494815, 0.9157361198711049, 0.9771012279363107, 0.9728856516800638, 0.6933038532268103, 0.9659223752418202, 0.9777701661528416, 0.9709377271660836, 0.6119262944867921, 0.9634080704832385, 0.9705147108936935, 0.6151434665713958, 0.9706050340359421, 0.9687637149889666, 0.9495966488974315, -0.06185767614713751, -0.8406767304956534, -0.9664939938646592, -0.6586991728297262, -0.9075137636776666, -0.9242900969724941, -0.9728305028791389, -0.9765475739602362, -0.9068757437656451, 0.40313256469401326, 0.43117692571502586, 0.9362537112655397, 0.9204314919185189, 0.9239427165434337, 0.9430470815944655]
[0.9227761927475907, 0.9594383211070161, 0.29567681272693663, 0.9106005902119279, 0.6760877758769486, 0.9656320068949553, 0.9779805802655775, 0.9728348539014373, 0.6950576730718809, 0.9657121991328359, 0.969778282666882, 0.968716575547887, 0.5389271010799463, 0.3590517997516942, 0.9482834747449753, 0.9716135639048946, 0.6739179211634045, 0.8679246477578058, -0.8148969528770885, -0.5766308724102395, -0.8396191758352252, 0.7516375459403503, 0.9730643831975659, 0.9775322277114683, 0.9571274654876316, 0.6868410902612023, 0.9622704489783726, 0.9704587214544429, 0.6146937423609529, 0.9707800995213619, 0.9776304035132477, 0.9709560465003249, 0.9691106356499687, 0.5542505238065967, 0.9533721575002269, 0.5531731016186949, -0.9157889416108622, -0.9769391151974139, -0.972121796517761, -0.9770179671893833, -0.9774222218267526, -0.9782697232638213, -0.9775844253690379, -0.933808621567269, 0.37577667801330394, 0.7196771043017404, 0.6390666350773065, -0.5808986102912055, -0.5285721392056724, 0.8053185259429871]
[0.9193057779285638, 0.9309762228140472, -0.3282800970029627, 0.146669292865784, 0.9457333029160262, 0.9775866206631728, 0.9783695133527637, 0.9781980863597268, 0.9726617040095381, 0.9697567879013737, 0.5813589936881327, 0.9580233808509233, 0.9427592250841972, 0.22066046748939627, 0.49500006108902084, 0.9676672589896307, 0.9669828861953699, 0.7965062419859761, -0.8883812190271083, -0.967417318788879, -0.9588038693511195, -0.34027780061213697, 0.9282281496233115, 0.9609583695016133, 0.6857070006913626, 0.9524253128378698, 0.5713293707396178, 0.9695214927838777, 0.9707804509475229, 0.9755682479556671, 0.9573210715511418, 0.9770771507609199, 0.9649771154488958, 0.4028610039093911, 0.8790050597082104, -0.15123847623896144, -0.9083874911168041, -0.9766862446714887, -0.9782509807441877, -0.9783644949991906, -0.978283275446387, -0.9783840673947429, -0.9783503528477447, -0.9768191788402276, -0.9340371047952664, -0.9114510846350111, -0.9164140601010928, -0.9576028291136289, -0.8858987374243315, 0.6365665652563176]
[0.37469444621951975, 0.8808304552885472, -0.49270285429398664, 0.5741511315702253, 0.9411427079131373, 0.9773652622254358, 0.9782724712005824, 0.9781958577545243, 0.9726826585625139, 0.9678911396813196, 0.49659214134278407, 0.5775197391057005, 0.9552686366015137, 0.4969325532754154, 0.9529107731518621, 0.9691900589106492, 0.9380782398500446, 0.0430604209378986, -0.8168064178009689, -0.969186162693144, -0.9469989527864657, 0.1257894389954282, 0.7869676713791413, 0.5713647596538591, 0.9618751412305585, 0.9664130761957855, 0.472386213075841, 0.965218682198655, 0.9715322378898587, 0.8591601226020199, 0.11888961839618829, 0.9454286277205738, 0.9521259907743246, 0.40228411997544306, 0.4905735673292291, 0.8280581292788656, -0.018976007410593892, -0.9537214165094106, -0.9779591691899105, -0.9781923933155896, -0.9728388075581216, -0.9779849464184771, -0.9781312079919201, -0.9783348368261233, -0.9774790522398724, -0.9764365473245072, -0.9525644184153149, -0.6744135428940744, -0.9238654551759233, 0.22866177434865304]
[0.9174146533992426, 0.9028160652715631, -0.742892080178331, -0.6937434387801573, 0.13977781157627586, 0.9576737063682949, 0.9724504011986034, 0.972779535416367, 0.697918263383766, 0.9725826438460838, 0.968029582533989, 0.9698167692445882, 0.9719305003802926, 0.967089422643051, 0.9622993718742779, 0.6054010254087351, 0.5923743175603234, 0.9228075493516585, 0.6795097830589365, -0.7326740700881305, -0.9695974498127908, -0.9164107081578776, -0.6997109343746415, 0.6469336352428208, 0.9696340483976575, 0.9677323439122402, 0.5127506797423269, 0.8965401162481881, 0.7692153080142802, -0.5735374380144346, -0.7304054317060032, 0.6861995111270783, 0.5895691318296975, 0.9532351097864741, 0.9655591654941122, 0.9015893295931814, -0.7462628864995853, -0.9720255740286512, -0.9781224959741526, -0.9725694951469745, -0.6894709302249923, -0.9604122513952211, -0.9635209694867475, -0.9775840989176479, -0.9722388332596414, -0.9623298463413861, -0.3467757239293382, -0.9458230233176844, -0.9724685392559261, -0.8636266789791366]
[0.920747487196711, 0.9298850079924906, -0.3757583325350351, -0.3760104422874641, 0.8795423580224828, 0.9701681624182208, 0.6972112535225385, 0.97260464398594, 0.9728988597196612, 0.9781964389146733, 0.9781118544585644, 0.9726638637167099, 0.6900631292357505, 0.9491148386008097, 0.6819751500421205, 0.9630777898503434, 0.9698713300028967, 0.9712375264432712, 0.9643118402481508, 0.6559510631545193, -0.8848707775971779, -0.638980439360815, -0.9514575397533557, -0.6491378330402244, 0.905942271493592, 0.9565488632914786, 0.8123454932080701, -0.3442994055282781, -0.4813951267248316, -0.7970482045351768, -0.8226734674276011, -0.43561644505424013, 0.8338207977182367, 0.9748566254286316, 0.9770954623186124, 0.9213977252919611, -0.5888879808136759, -0.9084324597191776, -0.9751334903735283, -0.9656419467431965, -0.9444138729041612, -0.514143165569269, -0.33320069681437353, -0.9528632213099512, -0.6788471457699474, -0.9129554973697872, 0.22341416556631333, -0.7499545938257673, -0.8734565474817781, -0.7919297375422321]
[0.4046206196573767, 0.9631756556039457, 0.9341069764476048, 0.9343148976617107, 0.9675533011701559, 0.9705772072897235, 0.9722777287266979, 0.9701631402832347, 0.9780170007698272, 0.97837307826035, 0.9781832497619505, 0.9778035745846024, 0.9593494082708225, 0.48495342727637425, 0.9403691285065285, 0.976703981320611, 0.9657502833168569, 0.6943229221514072, 0.9705315262916306, 0.884548653220288, -0.8089544400189117, -0.8712508042813478, -0.8966690226864634, -0.8030684721010016, 0.7511158063928066, 0.3402374454256447, -0.02314984444012246, -0.39202752178304906, 0.7930036210066201, 0.8843087077513494, 0.783354544435198, -0.13149830489025685, 0.13968548512063186, 0.9575514971331767, 0.9778798644024639, 0.9728446636409065, 0.7762606561386534, 0.4727141891540257, -0.8835218463591176, -0.43343734655115357, -0.5413537580818117, -0.9157048682475709, -0.16840154780814215, -0.9324980243055648, -0.9622421780334223, -0.7118507140244389, 0.8449347999238903, 0.896605113967144, 0.8785274752992724, 0.7784854767754067]
[0.9218494427635375, 0.9687188377044861, 0.9696103482057885, 0.9697776355590871, 0.6138817902844985, 0.6125230327879708, 0.9600657651126006, 0.5818915478201261, 0.9701728637366904, 0.9778493501864416, 0.966913688514211, 0.9691992061973281, 0.9585048818541969, 0.20763627149109776, 0.4765746039063091, 0.9490643552804258, 0.6886725430913175, 0.9659851659357654, 0.9773706224812028, 0.9403469350930078, -0.20554957789481304, 0.73185176238454, 0.7212481772684047, -0.24042738058140012, 0.26279676089646814, 0.934255714629026, 0.9144275839726737, 0.27182983365353147, 0.9549287324083636, 0.9758107494529351, 0.9719817048567627, 0.9147838300057597, 0.42450593122860253, 0.9636576875840777, 0.9762560099762144, 0.9486665500091985, 0.00019108404561430221, 0.5667252516631964, -0.8102690333315972, -0.502654027892574, -0.9544833349856549, -0.9476295714133807, 0.023482884538110593, -0.37663996373823366, -0.8822491749381849, 0.5358162603949809, 0.9544054117281217, 0.9302059698050008, 0.8886922403868696, 0.7843208988658745]
[0.8968001732950147, 0.5901493535382513, 0.6088896744219817, 0.9706921940655239, 0.9708315325815058, 0.9707168448327184, 0.9673139042701526, 0.495760855347015, 0.9674466171806904, 0.9665455606174733, 0.44827684847205324, 0.5612121355857395, 0.94889823376839, 0.33958466615128313, 0.9321553380773286, 0.6808581110388223, 0.965634081095375, 0.9779559982786861, 0.9781113217148378, 0.9633580256224641, 0.34832339326550765, 0.9544424346669277, 0.9479806012073675, 0.9388223246499682, 0.960699526050068, 0.9768016780885043, 0.9689600404463417, 0.952635646482567, 0.9388179150425656, 0.9594450998652353, 0.9106036283155989, 0.8923537278365505, 0.8476801934093535, 0.8957954683515239, 0.903965425971773, 0.8635377860702349, -0.5583067687764446, 0.2112093138301843, -0.26721095804033895, -0.9168060840622273, -0.9752479824708652, -0.9404595016410887, -0.18147885970548394, -0.931949565167279, -0.9286311298275141, 0.40249755072454413, 0.6537403406715302, -0.3227788206502931, -0.7867460973582758, -0.7587937774594739]
[0.3942038176510317, 0.9531972752721126, 0.9703034231657827, 0.9779909971325323, 0.9782444538910602, 0.9778888219984568, 0.9624318466964313, 0.5753904326045695, 0.9616659666884052, 0.9658708059007415, 0.4445507988724678, 0.95299582408574, 0.9593309087227242, 0.5282355477641731, 0.9565780596481724, 0.9627940830612154, 0.9777764165194232, 0.9783748951809548, 0.9783577280559456, 0.9768718240419326, 0.9294529836953563, 0.9375807087758609, 0.1812838909544916, 0.918946398758613, 0.9759862988737407, 0.9596612161093776, 0.6107488800176221, 0.7363560622348803, -0.2799032713334649, 0.2890997367549848, -0.7290304705717521, -0.8225279807405452, -0.8258932283118258, -0.8218735288840169, -0.7347249885344963, 0.24053715437933526, -0.9179946608775302, -0.9379834720373522, -0.9016469360241354, -0.44357076951666297, -0.929810914972061, -0.5178048272410052, -0.3427204957122262, -0.9629268318702061, -0.9763108455092159, -0.9272290375310598, -0.8124846927127732, 0.09880268166668198, -0.7313366095438797, -0.748120895815258]
[0.9247894960164681, 0.9765773483315909, 0.9706929151793534, 0.970873689694669, 0.9780411623848393, 0.9728664416541861, 0.6912676593226261, 0.9518697001314689, 0.6774382756734157, 0.9612915409210714, 0.5604450823187612, 0.9606424303208034, 0.6806147629493136, 0.9466109695496108, 0.6039314152131462, 0.6089900727407356, 0.9710470223255059, 0.9782620641832787, 0.9779913984199587, 0.9562375297369847, 0.14024665765368344, 0.4961040326270967, -0.6133650366034261, 0.12656563940527596, 0.9405729036777789, 0.5576120701006472, 0.8431778884939903, -0.6601685728366196, -0.9503485581704156, -0.9394202693432432, -0.9609445975940532, -0.5160206503466522, -0.4081055385387265, -0.5087178660173557, -0.9370574790754791, -0.330325652029455, -0.9516928436368742, -0.9612027053876399, -0.32075670996959077, -0.1762728102390636, -0.4729890796566708, -0.9532163183958832, -0.9635870593578137, -0.9777741968247778, -0.9783073611287858, -0.9764859485929542, -0.9281878588017356, 0.3815473737746454, 0.8399450924083337, 0.8013139770244135]
[0.9492021153553764, 0.9627254143937315, 0.6097665923299179, 0.6086448749301149, 0.9710132618028519, 0.9780238214187584, 0.9716486285618856, 0.9513245313952038, 0.9189514905338293, 0.9700032197233074, 0.9500879739023238, 0.9584999982418924, 0.9419302908635985, 0.9496497296906872, 0.9689709517241769, 0.9633816989247715, 0.9779123877844615, 0.9783625629594089, 0.9772794837421529, 0.9220242596351783, -0.2959836603284692, -0.8370179514507525, -0.8568310625601961, 0.8048337420100733, 0.9644533280209852, 0.5628584888525743, 0.8391076200003498, -0.8790983585307768, -0.9760598768544442, -0.9776686516506338, -0.9779111097350729, -0.9685422693595932, -0.9655763891468881, -0.9683275297431962, -0.9767427856175316, -0.9426391511884209, -0.6811998893342379, -0.9604023595099572, -0.5249714382345457, -0.9408847481973678, -0.9583525766394292, -0.9773738666692335, -0.9779260238156046, -0.9729025827435184, -0.977840944539383, -0.9727547896344331, -0.9725617165146481, -0.7387543153319456, 0.8680749076436174, 0.9309901771033021]
[0.9387679923749287, 0.6863079432251356, 0.9621790374540939, 0.9481294262510233, 0.9767529570174878, 0.9764718182342864, 0.9489534272589695, 0.0385232220865202, -0.3760265193211723, 0.667677604683575, 0.35989106635979917, 0.23227779003328436, 0.06560192037288376, -0.019870387017879985, 0.9380966331148566, 0.6886031270940467, 0.9728161327412251, 0.9781778410655144, 0.9715149082890264, 0.6355192631763439, 0.7448353562964195, -0.6382448510633657, -0.8248343903385082, 0.8134090893052164, 0.9740203445326038, 0.9642134599646967, 0.7855690917350794, -0.8994737309605934, -0.9766469000724632, -0.9783439606626044, -0.9783787706501352, -0.9781286778512296, -0.97815435859965, -0.9779595505044075, -0.9723458027273704, -0.6819146234500234, -0.9565070259758343, -0.9774273713118152, -0.9687691662574696, -0.9717980332510954, -0.689158570618363, -0.9656612962044455, -0.9725244717391556, -0.6933692714912602, -0.9575608892581814, -0.6931290339986995, -0.9713714535800422, -0.9135212884829805, 0.5479878932741183, 0.7621673391555644]
[0.9505444170656039, 0.9715517263290103, 0.9591123054105192, 0.25189677014721157, 0.9253086885425837, 0.9019889486997087, 0.8333754956145124, 0.30497161044473436, -0.8808422585143044, -0.670386605313676, 0.824733174598755, 0.9403545381284703, 0.7427898447986999, -0.27017796114820397, 0.9342959495146732, 0.9718089440549142, 0.9781808434758869, 0.9781953163419046, 0.972626288970417, 0.971045831221274, 0.968974396943399, 0.7618685167131809, -0.5148560361949465, 0.15566891536566163, 0.9381983919198748, 0.9512782776082199, 0.012665801860146054, -0.8705972145587453, -0.961288816119748, -0.9778515030322749, -0.9781949419690645, -0.9729694960224209, -0.9778650854174238, -0.9694814621090986, -0.9645167885456124, -0.9430862887532854, -0.6844859450409373, -0.9724708957432785, -0.9726326691260052, -0.977456306245466, -0.9529346552915148, -0.6872137603562435, -0.9723926221303938, -0.9659191203320688, -0.6920230145477863, -0.966063621881244, -0.9780205124142476, -0.9759968682107203, -0.9108360735035301, -0.7084304562148673]
[0.9502983905713389, 0.9692782712723539, 0.9182765046609549, -0.45608981800803683, 0.19834064271427193, -0.7610549311781489, -0.8910680315098866, -0.9364440715499834, -0.9744750214373249, -0.9073111537992502, 0.5658682883052029, 0.8201047102982832, -0.07698323957357099, -0.6169656059239758, 0.8553181080165269, 0.9756802346781731, 0.9782424017785945, 0.9729163983910886, 0.6932984604174947, 0.9657688079372778, 0.9774514778863055, 0.9528925516458939, 0.2168773992405942, 0.8884788873334674, 0.49314547582369406, 0.9646981300137455, 0.8982839946620637, 0.24211080002005358, -0.3485721158513559, -0.9643003271763276, -0.972679903603616, -0.695854643313366, -0.9622981006633251, -0.5557797131344374, -0.39964589136209366, -0.3493354108396185, -0.9545693533227749, -0.9723342080796317, -0.6956535699241948, -0.9624057324729078, -0.5702428146411336, -0.9485215878642247, -0.9776241495115224, -0.9780704494058053, -0.9728931754637452, -0.978085889375588, -0.9783779129974627, -0.9780591496226565, -0.9617171346560736, -0.3285280850555462]
[0.9344347917737521, 0.6275706950812822, 0.7396323740648443, -0.8665532028423785, -0.9385202572862392, -0.9731868815010394, -0.9707253721623554, -0.9774212038379, -0.9780346837050907, -0.9683921455909573, -0.8668309503955914, -0.2692785211805365, 0.5941209541366752, -0.5755383498008465, 0.16322564029000616, 0.958484576817959, 0.9778558755099875, 0.9778204872094312, 0.9572546642615931, 0.6884630560959994, 0.9718645878687384, 0.9667293855251782, 0.9572951558592853, 0.9380815559822181, 0.2920127965504824, 0.9483717410667647, 0.7058084763674201, -0.7944447797872631, -0.9589332597514032, -0.9777158625640296, -0.978189250302884, -0.9729659173098716, -0.9778339720515871, -0.9682069237606342, -0.9213046472282589, -0.3472828886362583, -0.9631493024772219, -0.9779085998899695, -0.9725664758056498, -0.9676229011729659, -0.48871245253459455, -0.5741309065665505, -0.970233894970881, -0.978248176484799, -0.9782912418547878, -0.9782400676164746, -0.9783630139529093, -0.9779416354478783, -0.9704250426242248, -0.9156637538666486]
[0.9199195537849522, 0.9330182350923176, -0.037993807933062645, -0.9098367552658302, -0.9394481994233316, -0.9699739326395634, -0.687250643391999, -0.9725999206915349, -0.9723366690561193, -0.6794126364249156, -0.8958080700999597, 0.49527120509706446, 0.8989414189517885, -0.04690410472880708, 0.9063433115255105, 0.967700779752147, 0.9678300186377331, 0.9723322855913109, 0.6875975510086894, 0.9505499271618534, 0.9466204594288591, 0.4843955938099271, 0.926701728948668, 0.43388992643380325, 0.1051823903249179, 0.842962797970107, -0.5881245812822318, -0.9645383513056929, -0.9775952836944365, -0.9729876531146942, -0.9781881545977525, -0.9779977323314879, -0.9776570158089769, -0.969250814328818, -0.5459658876689961, -0.40495527413307014, -0.9566595849263183, -0.9773406938251664, -0.9701031991008279, -0.977360009588796, -0.9567897695395756, -0.9595582497414585, -0.9778003311151879, -0.9783731860026719, -0.9780918310780014, -0.9697576022614165, -0.9770984997408039, -0.9604350051111599, -0.6606552590025312, -0.8719385593326661]
[0.3709375940667227, 0.9606574775951461, 0.8750238337635367, -0.23957582750703635, 0.21787443198792816, -0.8968834157126879, -0.9263856667401732, -0.9758257850220959, -0.9706678426031617, -0.9663870934247126, -0.8426130026301748, -0.10917770221898747, 0.8913477667726586, 0.38576633913959624, 0.9497513122066057, 0.5714458208751524, 0.49130932955755163, 0.9672662827976614, 0.9611922892901295, 0.5380798504130474, 0.3558500811398136, 0.21459530758200235, 0.4778361849104967, 0.9245994296990451, 0.4279346179629399, 0.8800112972407019, -0.5383501823182589, -0.9251683625021702, -0.9711295298573177, -0.6973954909337307, -0.9723117153731243, -0.9616895131947772, -0.9459941952866855, -0.9747333969136596, -0.968897005078938, -0.9568648097417302, -0.6840723177237172, -0.9486325407137256, -0.5749770248263061, -0.9598662734408022, -0.607730403402591, -0.6091756294312941, -0.9710457036143022, -0.9781119963857478, -0.9694954683863872, -0.5542278141135863, -0.9313054558323849, -0.5301577907904058, -0.9150081093997334, -0.04358763780858596]
[0.8260655374432547, 0.974063903979864, 0.969361207260517, 0.9389962831674354, 0.8965983022446621, -0.22878097674013625, 0.2121264673617585, -0.9017975434125849, -0.6118866846794604, -0.86074201472761, 0.6289487924241604, 0.914829069387299, 0.6627136433827572, 0.9557197814660774, 0.9766651020626075, 0.9482744610250596, 0.5707878369086435, 0.9622913276279974, 0.9775495158908699, 0.9688981879724023, 0.9638878470702066, 0.9597449708310049, 0.967412608986114, 0.9770441917215714, 0.9664886678891867, 0.9741291528588244, 0.8615756258552866, 0.1474760809073878, -0.9464013420584363, -0.9719685389995563, -0.9622991489672326, -0.2906255453786226, 0.16640194685764287, -0.8313715235490119, -0.9744737727400203, -0.9776571283785441, -0.9625320210890604, -0.5755898375074289, -0.4915818594519776, -0.9675827106766263, -0.9703230618428607, -0.96355736525897, -0.9777952101735078, -0.9781669718954421, -0.9662721963234604, -0.4234670388797253, -0.37600003704499024, -0.40203091487474607, -0.9263829723023851, -0.054959465441680976]
[-0.1388189822000839, 0.9263152332902788, 0.683044985313485, 0.9644870471471898, 0.9755370751884394, 0.9387697587759675, 0.86258863793771, -0.5959505022468309, -0.7794896301674512, -0.5583101783508043, 0.904846044634948, 0.9755500426899913, 0.965064493809766, 0.9769545355995777, 0.9624072097707129, 0.6841678918842266, 0.9527193941556849, 0.6915009186863723, 0.9726271954043647, 0.9725689449411135, 0.9777037186620202, 0.9779046380572681, 0.9781931101106407, 0.9783653261839443, 0.9781755556594711, 0.9775138364752648, 0.9324449688354759, -0.3514753341425407, -0.961776875172508, -0.9778611849173312, -0.9724630387652726, -0.7234046946749132, 0.7550329313766632, 0.5342700482380228, -0.9246448341590511, -0.9772124794082822, -0.9779428818785479, -0.9697273165838188, -0.9600787110179768, -0.9776972492474321, -0.9727397541544645, -0.6933052922657028, -0.9661494446837353, -0.9780802072121633, -0.9779678330015275, -0.9661407024858798, -0.9645467123293391, -0.9654997292679522, -0.9757873868627864, -0.9004345956681581]
[-0.36881569003928866, 0.8283023462202398, 0.9597045502931894, 0.685914885770822, 0.9565730423179064, 0.9767469377366966, 0.9706156644383316, 0.8344572661893334, 0.8888438634308706, 0.8923168064942365, 0.9667686657584876, 0.9723596828215576, 0.6891345072864833, 0.94874546453253, 0.5732381182598615, 0.9617370387543824, 0.9717729621727296, 0.9722958671899098, 0.972477103340169, 0.692173243177053, 0.9593603737890913, 0.9695222240853006, 0.9780909335714232, 0.97838030733129, 0.9783887439734666, 0.9782517849695821, 0.9715163718542119, 0.696908681150531, -0.9141007075737735, -0.9764722502341077, -0.9429534789449667, -0.04595344657559591, 0.7512636385747783, 0.7583705309424392, -0.9000711538118811, -0.9659250159656074, -0.9778818164730448, -0.9727764003303573, -0.6954133358794661, -0.9729538958141292, -0.9779928814044292, -0.9661524830813565, -0.695297473920135, -0.9729628641285591, -0.9782911024447555, -0.9781682598032756, -0.9779926138059666, -0.9779353292927323, -0.9771254680830948, -0.9226640905142542]
[0.07575548590377999, -0.2933119917102109, 0.9252578850409744, 0.952602871310975, 0.3887697935472926, 0.954637318595651, 0.8503886370409964, 0.010216284341969716, 0.8608280444838805, 0.552784267585251, 0.5984269877081567, 0.9703168778933323, 0.962462355419565, 0.5754761120539293, 0.49080957177119205, 0.9593321317706179, 0.6883898626015921, 0.9630960105235448, 0.970069718652033, 0.9587512513708496, 0.47227005442443093, 0.5624617369256014, 0.9697700824293857, 0.9778235015590004, 0.9783540699321019, 0.9777594840299352, 0.9560625965903403, 0.7143533552241025, -0.9055760982688068, -0.9708270236384451, -0.6823650784944137, -0.9327380027226858, -0.7606937928680845, 0.3625912547242802, -0.8164180034633944, -0.48090991207317285, -0.9672148843608617, -0.9780007518833909, -0.9729666794542295, -0.9782087895412092, -0.978375840231054, -0.9779966716662144, -0.9729500706475598, -0.9780637152253803, -0.9783661783560369, -0.9779097435715851, -0.9695563032982578, -0.9663031096905494, -0.9649641628425136, -0.4062078044134422]
[-0.8809879947129506, -0.8519132392975584, 0.7091010305799141, 0.9151355134550643, -0.1050701478826069, 0.755314181444178, -0.5244496185718942, -0.7872644751440445, 0.056620949786204314, 0.9372508506655294, 0.9697305515800886, 0.9780968411913912, 0.9779682784353725, 0.9700312120085013, 0.9676372382456732, 0.9698463790971114, 0.9508890505552793, 0.6038246527678276, 0.6064995449461155, 0.9581711029397758, 0.5347646608124201, 0.9123727561031587, 0.9698059058538301, 0.9540265615214958, 0.977164132816312, 0.9642188971672206, 0.34840643901526774, -0.24021850965171349, -0.8524894453928611, -0.968925782722146, -0.9701659329988414, -0.9757416432635874, -0.9428980361262823, 0.035538786587854525, -0.11369260678734332, -0.2937282168585751, -0.9483388634599084, -0.9777161045165174, -0.9782884440358937, -0.9783860880619494, -0.9782090896297416, -0.9729612792528012, -0.9777751950904506, -0.970017458974654, -0.9775783794596224, -0.9593653762460229, -0.5570323337245103, -0.4378073872178929, -0.9510679538760749, -0.9228927488897183]
[-0.9413844022794349, -0.9596533358993872, -0.5079148333662713, 0.6061086612526674, -0.5900004055295675, 0.40505023088608594, -0.541715585755267, -0.4700091186805935, 0.86375739823496, 0.9753464886029068, 0.9727487856944753, 0.9781908481402332, 0.9782193534359181, 0.9781107016413914, 0.9709202573284135, 0.6135309108903602, 0.6075192268015167, 0.9602452884212641, 0.9592158158084796, 0.9748400764075155, 0.8820402248035968, 0.0538598421974731, 0.6535175794808907, 0.029318034101498063, 0.9468905435847974, 0.9705895393179383, 0.9618771720724759, 0.9100826259350862, 0.6846059298151633, -0.6597308167362614, -0.8778771936272951, -0.9212525226470413, -0.9751072250856624, -0.9499841636220857, -0.9437262809537137, -0.946530686928916, -0.5660061376444119, -0.9697961559769502, -0.9782415215011563, -0.9783001075151209, -0.9729766996071549, -0.6956772673438154, -0.9618518018520608, -0.565192805929594, -0.9588863330723983, -0.5993058507988371, -0.9374390834012548, -0.4322521364238913, -0.5485923102743996, -0.9303420990045504]
[-0.8016854163072141, -0.8196874615993316, -0.022477029807741022, 0.20677926843816133, -0.8673868166326122, -0.2822776058319518, 0.8058255853167561, 0.9228852839155225, 0.9750647234852565, 0.9728496972938587, 0.696470523306235, 0.9725774447125235, 0.9690254696481443, 0.9778357497083873, 0.9781207537134335, 0.9709924388899238, 0.9706525342632771, 0.9691930122089649, 0.565553656697268, 0.9214427864518271, 0.16587748814188816, -0.580282575505653, -0.8323166321354329, -0.7482506369032884, 0.792102575489542, 0.6500674594343774, 0.9641081616130233, 0.6808807026800413, 0.963599775384746, 0.9142228857360891, 0.8679295769427102, 0.5684860580058303, -0.9202477884062821, -0.9628833885098614, -0.6845927774875873, -0.9570414509503239, -0.47226899990031196, -0.9673134604923481, -0.9781974798309596, -0.9783851362561214, -0.9781946153119561, -0.9722641068102414, -0.9536937516807735, -0.4431893490666185, -0.9547935104724593, -0.6073353521164406, -0.9697686929827453, -0.9656866541695661, -0.9601191506242829, -0.9479674734524528]
[0.735660671368641, 0.6270235568624422, -0.6682474517548176, -0.9246012754826649, -0.9077074292558938, 0.6639915245997946, 0.955760042110496, 0.976610947440023, 0.9727307963913653, 0.9775579736130612, 0.9657251245882761, 0.968108274668608, 0.5286604365486787, 0.955972406739476, 0.9778386393551513, 0.9782477835194965, 0.9780696285558111, 0.967727517662538, 0.48541929724454835, 0.5571163770721999, 0.9282287692789989, 0.6882256666170348, -0.5811900137144336, -0.6786571875573864, 0.1110497150006417, 0.9446064948533092, 0.9771612554577895, 0.9719625849162222, 0.9723722083963182, 0.9769769855934283, 0.9738635860321565, 0.8539106806046649, -0.8742337933771706, -0.6724387807276881, -0.963485036860316, -0.9374314253503342, -0.5249735807091861, -0.9686954229758518, -0.9780866530209037, -0.978258581995767, -0.978234798370094, -0.9698290357422943, -0.5675770240070375, -0.4496697977308257, -0.9662200086556844, -0.9707212618185868, -0.9776626545184779, -0.9650702383520665, -0.6734659836500557, -0.9050117403409639]
[0.7941812105347211, 0.8606465454797348, 0.03399857869219182, -0.9475614168683651, -0.92500264367696, 0.5011544953125671, 0.5568363208919993, 0.961844587478901, 0.6896684805400474, 0.9541797262846163, 0.6865001343943329, 0.9532709322161537, 0.31047220464880215, 0.5250799562291624, 0.9690531924317253, 0.9780452350138805, 0.9780094794692942, 0.9724747161522054, 0.9675953584528826, 0.9693819485858336, 0.9695042854883926, 0.6118180176724644, 0.8949714894077544, 0.8847076934400016, 0.9535900999257445, 0.9767943287720172, 0.9626535194751312, 0.9532737453667488, 0.6898052723859309, 0.9727106684583554, 0.9738380543201566, 0.7750591442480366, -0.9052693237893584, -0.9702197591515443, -0.9536117246939125, -0.11270100204867811, -0.8124245315716786, -0.9734609329625945, -0.9704673354764821, -0.9708668703327347, -0.9779095295054171, -0.9725836451708202, -0.9695281026210176, -0.966597342093372, -0.9719469111355388, -0.9775306385702798, -0.9658355877540831, -0.6877467978669892, -0.9453144043884326, -0.3938112777767841]
[-0.6225402864483455, 0.051511018998647184, -0.8926765142506279, -0.9698899769960915, -0.9695549360088453, -0.651576425006519, 0.8846986180915777, 0.96898231561824, 0.9624209403732438, 0.6046544055475023, 0.9629569218148445, 0.9681692347668183, 0.5285263814784588, 0.9556897188537266, 0.9774660273114963, 0.9679218198993885, 0.9625860052407289, 0.6937237424471799, 0.9726883063228597, 0.9777726404659283, 0.9676420535761068, 0.9597212200729205, 0.9677053880594874, 0.5897992948585893, 0.9694693558816098, 0.9623257937156493, 0.312170213417094, 0.30890552586987285, 0.9534717341422435, 0.9773467487886616, 0.9497852465022013, -0.073157965369926, -0.9494136112303585, -0.9758812863457519, -0.8962117067766107, 0.6876451562135423, 0.5087041103772301, -0.901702538428547, -0.5953789634996588, -0.6084375485022222, -0.9637585554475816, -0.6948150439604174, -0.9713045245353322, -0.9702680070654254, -0.6726313938036016, -0.9554426955287045, -0.6898021385538738, -0.9658167942280221, -0.9765811769072454, -0.9232991066228866]
[-0.9356798052368067, -0.9494060906304634, -0.9701262922027231, -0.6834327712541268, -0.9327117362459175, -0.6285135220765095, 0.8853570956403135, 0.64656113937815, 0.9481858386501018, 0.604439592521737, 0.9704654467517151, 0.977910044252528, 0.9687821089127664, 0.9701615303219151, 0.9676516326038924, 0.4947314057889602, 0.577443815746895, 0.9628655296366769, 0.977837261831989, 0.9679230149854161, 0.49479833741292706, 0.5758825016101008, 0.9597937466233977, 0.6043811301970176, 0.9699025082786994, 0.9498356521899517, 0.3063534783687988, 0.3122898275362217, 0.9627038130859137, 0.9776741697714741, 0.9630622578568925, 0.7742149167492913, -0.8773251614517563, -0.9585141706794174, -0.656859386212319, 0.8760276172538495, 0.6960636917380564, -0.9101295540646562, -0.967155110191122, -0.968955435594848, -0.9764851830705897, -0.9682348377405366, -0.9196600658910679, -0.89872527247853, -0.8740435603149824, -0.6541626124697624, -0.9647183322373066, -0.977912741694841, -0.9771815536802843, -0.9240944928821961]
[-0.9506109405098226, -0.9771480034453596, -0.9777093931862866, -0.9489582849154419, -0.18274770614427938, 0.5844109492606145, 0.864448813741493, 0.8537598498002165, 0.5874483540149075, 0.9598451336217181, 0.972405723439387, 0.9780565317546999, 0.9707579037733037, 0.6125989928346204, 0.9598137016856827, 0.575615246145246, 0.9592332099034534, 0.9776460171979094, 0.9778387187985872, 0.9624677628888479, 0.5774065111586566, 0.9592548687116484, 0.9773779977504937, 0.9634249950563902, 0.9700677797812333, 0.6037950128379147, 0.9498628014306496, 0.9626068365980195, 0.9776803223328578, 0.9689348002964537, 0.5317415390962315, 0.8314650624233147, -0.5435016713880352, -0.5753030668215586, 0.7433926647640673, 0.9363488741087245, -0.05841112174341618, -0.9150345972574297, -0.9083524704999723, -0.902347596497817, -0.9054890398938186, -0.8343245504117003, 0.6040868467122245, 0.8329631694601852, 0.5834902592752196, -0.8950152371656322, -0.9699303926935448, -0.977910995729454, -0.9658666294983782, -0.40755326758203997]
[-0.9495154564523737, -0.9648708659171019, -0.9778109818773929, -0.9762509974804728, -0.8976685308146319, -0.1132167129744459, -0.7796815701686882, -0.6566749189830188, 0.6554793757091059, 0.9626847506551999, 0.6955160313281392, 0.97280909093897, 0.9708995998247407, 0.614812424261307, 0.970114424481916, 0.9587904157224225, 0.9769778126413954, 0.9705171272456617, 0.9634476256675226, 0.6899110573915838, 0.9627552711999868, 0.9776939830245588, 0.9729134619522176, 0.6941558803762119, 0.9636191919612901, 0.61084704437992, 0.9703155605998002, 0.9779753425917408, 0.9781505817852327, 0.9664857085500286, 0.450831102752178, 0.4868378055585764, 0.831251257150842, 0.8529572037253117, 0.957997206397731, 0.9750509402464527, 0.869295762212485, -0.28429742832958965, 0.7223483180948757, 0.803877761008448, 0.6913025804595623, -0.0029960785037000653, 0.9370473122840808, 0.9726237455208668, 0.8725737592991317, -0.8429879707630737, -0.6572856707772614, -0.9718180018115817, -0.9712524154198181, -0.924590877708028]
[-0.9187363868621253, -0.392846341832678, -0.9609863671137314, -0.9694647043201711, -0.6451217341972512, -0.9241893124203902, -0.9730840140420948, -0.9640522727158671, -0.6642112086110851, 0.9096246491869251, 0.9713733601379895, 0.978073696694114, 0.9781194313097014, 0.970809506249212, 0.9693042115435819, 0.5711890271874271, 0.9446740228100785, 0.6018628159458055, 0.6085039631560499, 0.9636623038957931, 0.9778631090336287, 0.9782463571299183, 0.9781914255133962, 0.972740716089269, 0.9776903341731032, 0.9708168931352907, 0.9726043718945455, 0.9781421061815047, 0.9771698535359284, 0.9592547713725766, 0.9621601557803222, 0.949089156405304, 0.4512685598565129, 0.22045472039940714, 0.49815782225825134, 0.9678818724731855, 0.9602646550392855, 0.3253804415196943, 0.937249879589961, 0.5295235030424144, 0.49785527642500477, 0.9313523903966682, 0.976588326162444, 0.9713525242012213, 0.9134202802373039, -0.6659311610874895, -0.9181805414195845, -0.9707177513504742, -0.6896948076932379, -0.9377519156892106]
[-0.876924954099498, 0.07382222137118431, -0.823624680482148, -0.8930652138492982, -0.8587889605681653, -0.5782355156340031, -0.9674997722024438, -0.974035957852023, -0.86896402114133, 0.8106481723530575, 0.9741026313689577, 0.9725699029110978, 0.977727897890763, 0.9703416745070829, 0.956656723034825, 0.48331399488671445, 0.5666112627999598, 0.9493301650893209, 0.9702507286201631, 0.9779925046299999, 0.978126630999737, 0.9711145575747517, 0.9777753475168982, 0.9693255638579316, 0.9657863914140459, 0.9717570388003777, 0.6937656416335384, 0.9710715099704161, 0.9282594121678669, 0.20254222736124602, 0.8435053159112422, 0.9231674087328257, 0.9478030425081574, 0.49081938444234813, 0.9536664403134473, 0.9777742066286315, 0.977816070273374, 0.9637832300606597, 0.9772099879353829, 0.9675919412688334, 0.946815947619519, 0.9669213312257322, 0.972245809212127, 0.6937619618555142, 0.958614472413863, 0.5721256511838111, 0.08353092739143331, -0.9489032125248177, -0.9715794938752899, -0.9505413794850812]
[-0.827962577312296, 0.5454199376853214, 0.5931383604548867, 0.7925795128031932, 0.6275092234365938, -0.6319095003625836, -0.8708662686634483, -0.8805195438650175, -0.7616175840963749, 0.07466048907713436, 0.929700418109758, 0.6815423806111138, 0.954062376960719, 0.6072121303743127, 0.6064733405703864, 0.9566593126975537, 0.9618435592996293, 0.6907951488704672, 0.9726947242085745, 0.9781606711311236, 0.9709564528295872, 0.6117545643481368, 0.9591577331387728, 0.5533505948208765, 0.41213932007534115, 0.9440581931976658, 0.9553835728161986, 0.9438469684422655, 0.23049389523797803, -0.4846962554460825, -0.737735169089113, -0.44814061343789124, 0.9261681505131819, 0.9537917140528311, 0.9773763629905095, 0.9783600096561985, 0.9782854313373187, 0.9781078508839027, 0.9774065731006348, 0.9462808488215759, 0.3350033565690137, 0.5233881470798366, 0.9592870905106509, 0.9685859517940658, 0.9091508502240425, -0.4823892830848326, -0.228594794968677, -0.9599912437469149, -0.9773418273500895, -0.9512079799731791]
[-0.8896835983891127, -0.04226982602007098, -0.5410077392235975, 0.6353782511681082, 0.8084932026283862, 0.6929889498284664, 0.8711613885331613, 0.8941995623141684, 0.9075515596676662, 0.9411361419811903, 0.6772692910201316, 0.9565069182907712, 0.688626263999131, 0.9632238928582008, 0.9706494960741231, 0.9778786680454619, 0.9779979897898892, 0.9726872448925954, 0.9780202892180329, 0.9782512631966791, 0.9709375355243194, 0.6109403958025975, 0.9624420846791012, 0.950239824986226, 0.3651366480595668, 0.3631282833572243, 0.4107606708077995, 0.5406125604695744, 0.93223535367746, 0.7148057897967484, -0.5415293945646024, -0.5846604357822305, 0.8905500189008878, 0.5532282766025619, 0.9694775479708682, 0.9780466661026359, 0.972851120973382, 0.9773667531198843, 0.9553864044049638, 0.4745126810751589, 0.18751687280916593, 0.9241433521429321, 0.645150550641184, 0.8772016273511265, 0.6288376636019135, -0.8350475019435979, -0.955784050586766, -0.9767883990740415, -0.9705884560420456, -0.950045293294298]
[-0.9479147334761533, -0.9533341216762956, -0.9673269700186304, -0.91697181363289, -0.8820868890793142, -0.6464041494949775, 0.8955023466665211, 0.9751848660062244, 0.9770698102302363, 0.9774025019541558, 0.9656545615134204, 0.9775867297443914, 0.9724206403702408, 0.9725127486335037, 0.9780670785900689, 0.9783724747782604, 0.9781059182712784, 0.9700663242065227, 0.9681637899501171, 0.9780296217163121, 0.9780053791180071, 0.9637848020901977, 0.6918700797579262, 0.9718185530222672, 0.9643605594016982, 0.9641240607179167, 0.9650583950428906, 0.9585767509822107, 0.9692100627816825, 0.6034782494129467, 0.824665095736074, 0.15820167230006116, 0.9338403444299809, 0.4766024515012993, 0.9673070398798379, 0.9726259831266844, 0.6908073075440188, 0.9484134095008818, 0.5632266108774688, 0.9333797877310231, 0.47361430790693687, 0.9528149643953335, 0.8896028388278745, -0.5667000083830984, -0.8354449041600062, -0.4692565096384058, -0.9635274406974582, -0.9364890388658824, -0.6188318249692277, -0.9259495496108081]
[-0.9511550727986043, -0.9774702150306233, -0.9781697065201393, -0.977248808961852, -0.9749848911741443, -0.8962793181740056, 0.6897831410094459, 0.971564788466695, 0.9781390720448939, 0.9728967855291761, 0.6937627312810298, 0.972524117655979, 0.9658427630251021, 0.6950969434998181, 0.972955648056434, 0.9781591136688872, 0.970293633964526, 0.581723046659365, 0.4963307859029568, 0.9679133453596312, 0.9781879812119623, 0.9777537554020416, 0.9636578106136304, 0.970721167505597, 0.9778892239219203, 0.9780033088921611, 0.9706693200014743, 0.6124148394389047, 0.970591488341761, 0.9706864512914906, 0.9750488418063964, 0.9578771081578007, 0.960768250807689, 0.5749395162087679, 0.970002483307596, 0.9778793429048621, 0.9627233226824539, 0.5751175265044434, 0.4895543550660229, 0.9657995946017796, 0.9459552964370368, 0.6334595272798269, 0.785913452313635, -0.8051121998085466, -0.8747591222262517, -0.37163928027552895, -0.8880245387656809, 0.020241451927648018, -0.7076151448775142, -0.7712896487140627]
[-0.9511549657335959, -0.9778924318418521, -0.9783719185640518, -0.97806084936857, -0.9725620722764553, -0.9679604705768594, -0.5848009149695291, 0.9227182137685838, 0.9771142735945506, 0.9773350622900727, 0.9597270013991929, 0.9721406562842618, 0.6929676452666556, 0.9659334584866491, 0.9780712171446144, 0.9781830638769381, 0.9723645899128098, 0.9588350657695063, 0.5761321648077984, 0.9599447152854542, 0.9778038252743702, 0.9709312052748935, 0.6137682139931565, 0.6153789799745941, 0.971197527181412, 0.9781383779230001, 0.9710235717897948, 0.6149711929336747, 0.9708267949974322, 0.9781227078725657, 0.978188600110967, 0.9718941775264331, 0.6899816959053163, 0.962670608943584, 0.9778505008323503, 0.9783660452812936, 0.9779783467502936, 0.970017577585658, 0.9674093517683305, 0.9625136870654323, 0.6738795470699482, 0.9161173738473013, 0.20081305681044684, -0.39402889537960506, 0.36256863959501257, -0.47663710881157034, -0.48346502040587724, 0.8498713136731497, 0.8967703575574713, 0.8076741284775343]
[-0.9474896010907516, -0.9774688591767087, -0.9780552924678817, -0.9659486662149877, -0.6900786391464255, -0.9607179386766094, -0.5859928635005458, 0.9208000224485082, 0.962539960321114, 0.9432516791796185, 0.47999262753593386, 0.9665463439871567, 0.9630574973758369, 0.9702546660326615, 0.9776566989532814, 0.9725965070419498, 0.6946833809993392, 0.9650602950729833, 0.9593916727322387, 0.6082963726682112, 0.9703461025339157, 0.9685514420483395, 0.9702619026825327, 0.9710140236414059, 0.9781445588458471, 0.9783811223265106, 0.9781351418115887, 0.9707955492601813, 0.9696438788502486, 0.9779981233040698, 0.9764464375881674, 0.9545510343261814, 0.9573369597718164, 0.977210835845238, 0.9710317149056826, 0.9781269771116374, 0.9782805494811745, 0.9781098909548683, 0.9706058329721259, 0.6075504876510048, 0.9528222098834491, 0.6697770455632226, 0.9338151004138294, 0.9331971839145305, 0.9621575521055834, 0.9288442756017168, 0.9289172230541268, 0.9728084099305032, 0.9558915791387499, 0.9424077212435985]
[-0.8551147407719732, -0.9570379270005382, -0.972021941867379, -0.6907635006124893, -0.9539039595335606, -0.9109726011332778, 0.6787334189697899, 0.9535180395291508, 0.3743661423118079, 0.26412928015709736, 0.17077967190971002, 0.944282617261689, 0.6034830977905062, 0.602041652807095, 0.9501363968323835, 0.9621532701334096, 0.9652239009370971, 0.6912898651139302, 0.9631634439270629, 0.6087170146020721, 0.9579440672995372, 0.5264679789255696, 0.9556643647355352, 0.9777107107597676, 0.9783702244983096, 0.9782980636490363, 0.9782182217733171, 0.9692211501714257, 0.5632738953502215, 0.9663100366785823, 0.8936176777698089, 0.0631116837157687, 0.4278974432912922, 0.9550393855683696, 0.6090822146119805, 0.9702683125810965, 0.9726357596595492, 0.9780558063270716, 0.9706873802681866, 0.6094999279622256, 0.9698095419362108, 0.9559599485172556, 0.6818419281835887, 0.9716698497746761, 0.9779825819148296, 0.9774512634409266, 0.9750306706295974, 0.8878340058240705, 0.19508394200490922, 0.9014351742519999]
[0.4501958363712566, -0.23611356199465466, -0.9605179497174815, -0.9645297926216491, -0.6588893383086676, -0.8642728592312916, 0.8774840009542865, 0.9661360379442872, 0.5364089317568542, 0.9208259544602296, 0.47563754711675876, 0.9667681568747004, 0.9700046959116476, 0.9498522698450929, 0.3082344954869595, 0.3144917155900904, 0.9620444323875884, 0.9654752974248324, 0.9775106579914608, 0.9706655786666473, 0.9624131939905188, 0.31382345041300497, 0.5260620584019897, 0.9690696708798839, 0.9779259714877367, 0.9729008561396539, 0.9775752823227358, 0.953051418357252, 0.42173203526213193, 0.9156348861309607, -0.13972978803719882, -0.3852089472589268, 0.9006800383075443, 0.9684150011873828, 0.6051810043837619, 0.9494266201753164, 0.6878883959603754, 0.9724079501176248, 0.9691199238395369, 0.9551338568263907, 0.9715577391562664, 0.687624649558993, 0.9527936991552917, 0.9774972116442163, 0.978351927013539, 0.9776307927535102, 0.936293256444737, -0.3467840274004345, -0.5182506702333309, 0.8292026025479435]
[0.5707250228304132, -0.8671433806399315, -0.9758640420861922, -0.9748551212477944, -0.9272821379961534, -0.8497288797789041, 0.8983432462023295, 0.9765637149570314, 0.969290147547897, 0.9770338143849159, 0.9678219950812172, 0.9780051865021865, 0.9779664821135241, 0.9625207511056889, 0.3148710215888147, 0.31424170049837424, 0.9535987397861355, 0.6885549583629702, 0.9635184545580672, 0.9776974393040081, 0.9687953666025629, 0.5298770626728748, 0.9560223280708412, 0.9774073510224679, 0.9660442327373192, 0.693030379821739, 0.9622902401653186, 0.558722664740044, 0.42539998622198344, 0.9221328407730477, -0.0428005078622422, -0.10659858390604, 0.945554160230293, 0.9716086827468413, 0.9591495952630276, 0.5686258607725692, 0.9482385311146624, 0.9689212993935099, 0.5629413504590236, 0.4351175555373555, 0.9529429288053255, 0.9611462838330155, 0.5732794046500074, 0.9592516490868551, 0.9779001798589133, 0.9774974783029308, 0.9290550007838426, -0.4774674079950776, -0.3794972659930397, 0.847894257998819]
[0.30557322250809427, -0.9294975187904359, -0.970938488474292, -0.8539511642042431, 0.11974251358214319, -0.5118618289872756, 0.9217317493721779, 0.976899684719818, 0.9781817071481123, 0.9783564307877557, 0.978204852817559, 0.9783722380405004, 0.9781760806486937, 0.972189283072993, 0.9627294382715698, 0.9630188395797029, 0.9774182568995321, 0.9632823303893017, 0.6054774234220653, 0.9703864440877774, 0.9779075470634305, 0.9691623446658029, 0.9775183474220892, 0.9658923920230186, 0.6921684519481551, 0.9660407982942303, 0.9777394947082644, 0.9695618144829671, 0.9659473885646213, 0.9766307456750962, 0.9499969253876689, 0.9478105086917242, 0.9715615862103119, 0.694665432699689, 0.9596528121471364, 0.48977755632715, 0.576740114207744, 0.9694422061680866, 0.9525309356952081, 0.4273303134005717, 0.5564749229767163, 0.9551359324488877, 0.4906613905855119, 0.5795833738802724, 0.9698079637510991, 0.9774961328170697, 0.9594094808301689, 0.2308475799804627, 0.8820112703995977, 0.9389593130738039]
[-0.5849570184155567, -0.8713321412216039, -0.7788823580596053, 0.38250236319697684, 0.8610266502817843, 0.1279992350739688, 0.9048009144393203, 0.9524533956133582, 0.9765665761281755, 0.9778533208338953, 0.9779035518735211, 0.9778108264377128, 0.9722589722715259, 0.6905533642063802, 0.9719123653599114, 0.977530385970282, 0.9777391510995932, 0.9695750473308794, 0.5900558278957256, 0.9532405644413531, 0.976986288690768, 0.9776128495981098, 0.9721780364811486, 0.687764270083311, 0.9651572554106701, 0.9774652198233803, 0.9778588919824469, 0.9770580582267727, 0.9653180245456269, 0.9762146383778689, 0.9648645648310034, 0.9766472372046671, 0.977652402895345, 0.9723354931820201, 0.9772905911610976, 0.9672682918423041, 0.9693201555344665, 0.9762970333470762, 0.953422559398938, 0.9303095089080499, 0.9667394454722872, 0.9770717056666146, 0.9671969241048756, 0.9677347195723607, 0.9547937963099751, 0.9552915942281227, 0.9758132102466459, 0.9566260395721468, 0.9387064222903726, 0.8601840588868619]
[0.6237137660207307, 0.6797404899855123, 0.5863291166601353, 0.04640792221315121, 0.8801396753052738, 0.800665281684176, 0.010150717224929976, 0.052779419975963505, 0.9023351152738098, 0.9494052318997951, 0.9512328900329806, 0.9512740067276463, 0.9506197628198095, 0.9390392459509845, 0.9506059396617678, 0.9512618881392008, 0.9512085429025015, 0.9489422432570013, 0.8989541932734746, 0.39498978125974654, 0.9249194694335965, 0.9502536454147302, 0.9505716438416155, 0.9388922272915069, 0.9503373860670581, 0.951214115654648, 0.9502870244876565, 0.9248913622581919, 0.3943985174487439, 0.8851539155976667, 0.39423378528854114, 0.9248571687462098, 0.9502714346574886, 0.9510528716587481, 0.9512547931589137, 0.9508149068812327, 0.9491238048843224, 0.9041720924917118, 0.07827201451528588, 0.07135442297729973, 0.9029761617695494, 0.949310226770381, 0.9489675315589672, 0.903866115333518, 0.08280485182819962, 0.08169526150975413, 0.8994658570399438, 0.8831618231030811, -0.1140628605560682, -0.37540385312398855]
Reconstruct Image:
[1, 1, 1, 1, 1, 1, 1, 1, 1, 1, 1, 1, 1, 1, 1, 1, 1, 1, 1, 1, 1, 1, 1, 1, 1, 1, 1, 1, 1, 1, 1, 1, 1, 1, 1, 1, 1, 1, 1, 1, 1, 1, 1, 1, 1, 1, 1, 1, 1, 1]
[1, 1, 1, 1, 1, 1, 1, 1, 1, 1, 1, 1, 1, 1, 1, 1, 1, 1, 1, 1, 1, 1, 1, 1, 1, 1, 1, 1, 1, 1, 1, 1, 1, 1, 1, 1, 1, -1, -1, 1, 1, 1, -1, -1, -1, 1, 1, 1, 1, 1]
[1, 1, 1, 1, 1, 1, 1, 1, 1, 1, 1, 1, 1, 1, 1, 1, 1, 1, 1, 1, 1, 1, 1, 1, 1, 1, 1, 1, 1, 1, 1, 1, 1, 1, 1, 1, 1, -1, -1, 1, 1, -1, -1, -1, -1, 1, 1, 1, 1, 1]
[1, 1, 1, 1, 1, 1, 1, 1, 1, 1, 1, 1, 1, 1, 1, 1, 1, 1, -1, -1, -1, 1, 1, 1, 1, 1, 1, 1, 1, 1, 1, 1, 1, 1, 1, -1, -1, -1, -1, -1, -1, -1, -1, -1, 1, 1, 1, 1, 1, 1]
[1, 1, 1, 1, 1, 1, 1, 1, 1, 1, 1, 1, 1, 1, 1, 1, 1, 1, -1, -1, -1, 1, 1, 1, 1, 1, 1, 1, 1, 1, 1, 1, 1, 1, 1, 1, -1, -1, -1, -1, -1, -1, -1, -1, 1, 1, 1, -1, -1, 1]
[1, 1, -1, 1, 1, 1, 1, 1, 1, 1, 1, 1, 1, 1, 1, 1, 1, 1, -1, -1, -1, -1, 1, 1, 1, 1, 1, 1, 1, 1, 1, 1, 1, 1, 1, -1, -1, -1, -1, -1, -1, -1, -1, -1, -1, -1, -1, -1, -1, 1]
[1, 1, -1, 1, 1, 1, 1, 1, 1, 1, 1, 1, 1, 1, 1, 1, 1, 1, -1, -1, -1, 1, 1, 1, 1, 1, 1, 1, 1, 1, 1, 1, 1, 1, 1, 1, -1, -1, -1, -1, -1, -1, -1, -1, -1, -1, -1, -1, -1, 1]
[1, 1, -1, -1, 1, 1, 1, 1, 1, 1, 1, 1, 1, 1, 1, 1, 1, 1, 1, -1, -1, -1, -1, 1, 1, 1, 1, 1, 1, -1, -1, 1, 1, 1, 1, 1, -1, -1, -1, -1, -1, -1, -1, -1, -1, -1, -1, -1, -1, -1]
[1, 1, -1, -1, 1, 1, 1, 1, 1, 1, 1, 1, 1, 1, 1, 1, 1, 1, 1, 1, -1, -1, -1, -1, 1, 1, 1, -1, -1, -1, -1, -1, 1, 1, 1, 1, -1, -1, -1, -1, -1, -1, -1, -1, -1, -1, 1, -1, -1, -1]
[1, 1, 1, 1, 1, 1, 1, 1, 1, 1, 1, 1, 1, 1, 1, 1, 1, 1, 1, 1, -1, -1, -1, -1, 1, 1, -1, -1, 1, 1, 1, -1, 1, 1, 1, 1, 1, 1, -1, -1, -1, -1, -1, -1, -1, -1, 1, 1, 1, 1]
[1, 1, 1, 1, 1, 1, 1, 1, 1, 1, 1, 1, 1, 1, 1, 1, 1, 1, 1, 1, -1, 1, 1, -1, 1, 1, 1, 1, 1, 1, 1, 1, 1, 1, 1, 1, 1, 1, -1, -1, -1, -1, 1, -1, -1, 1, 1, 1, 1, 1]
[1, 1, 1, 1, 1, 1, 1, 1, 1, 1, 1, 1, 1, 1, 1, 1, 1, 1, 1, 1, 1, 1, 1, 1, 1, 1, 1, 1, 1, 1, 1, 1, 1, 1, 1, 1, -1, 1, -1, -1, -1, -1, -1, -1, -1, 1, 1, -1, -1, -1]
[1, 1, 1, 1, 1, 1, 1, 1, 1, 1, 1, 1, 1, 1, 1, 1, 1, 1, 1, 1, 1, 1, 1, 1, 1, 1, 1, 1, -1, 1, -1, -1, -1, -1, -1, 1, -1, -1, -1, -1, -1, -1, -1, -1, -1, -1, -1, 1, -1, -1]
[1, 1, 1, 1, 1, 1, 1, 1, 1, 1, 1, 1, 1, 1, 1, 1, 1, 1, 1, 1, 1, 1, -1, 1, 1, 1, 1, -1, -1, -1, -1, -1, -1, -1, -1, -1, -1, -1, -1, -1, -1, -1, -1, -1, -1, -1, -1, 1, 1, 1]
[1, 1, 1, 1, 1, 1, 1, 1, 1, 1, 1, 1, 1, 1, 1, 1, 1, 1, 1, 1, -1, -1, -1, 1, 1, 1, 1, -1, -1, -1, -1, -1, -1, -1, -1, -1, -1, -1, -1, -1, -1, -1, -1, -1, -1, -1, -1, -1, 1, 1]
[1, 1, 1, 1, 1, 1, 1, 1, -1, 1, 1, 1, 1, -1, 1, 1, 1, 1, 1, 1, 1, -1, -1, 1, 1, 1, 1, -1, -1, -1, -1, -1, -1, -1, -1, -1, -1, -1, -1, -1, -1, -1, -1, -1, -1, -1, -1, -1, 1, 1]
[1, 1, 1, 1, 1, 1, 1, 1, -1, -1, 1, 1, 1, -1, 1, 1, 1, 1, 1, 1, 1, 1, -1, 1, 1, 1, 1, -1, -1, -1, -1, -1, -1, -1, -1, -1, -1, -1, -1, -1, -1, -1, -1, -1, -1, -1, -1, -1, -1, -1]
[1, 1, 1, -1, 1, -1, -1, -1, -1, -1, 1, 1, -1, -1, 1, 1, 1, 1, 1, 1, 1, 1, 1, 1, 1, 1, 1, 1, -1, -1, -1, -1, -1, -1, -1, -1, -1, -1, -1, -1, -1, -1, -1, -1, -1, -1, -1, -1, -1, -1]
[1, 1, 1, -1, -1, -1, -1, -1, -1, -1, -1, -1, 1, -1, 1, 1, 1, 1, 1, 1, 1, 1, 1, 1, 1, 1, 1, -1, -1, -1, -1, -1, -1, -1, -1, -1, -1, -1, -1, -1, -1, -1, -1, -1, -1, -1, -1, -1, -1, -1]
[1, 1, -1, -1, -1, -1, -1, -1, -1, -1, -1, 1, 1, -1, 1, 1, 1, 1, 1, 1, 1, 1, 1, 1, 1, 1, -1, -1, -1, -1, -1, -1, -1, -1, -1, -1, -1, -1, -1, -1, -1, -1, -1, -1, -1, -1, -1, -1, -1, -1]
[1, 1, 1, -1, 1, -1, -1, -1, -1, -1, -1, -1, 1, 1, 1, 1, 1, 1, 1, 1, 1, 1, 1, 1, 1, 1, -1, -1, -1, -1, -1, -1, -1, -1, -1, -1, -1, -1, -1, -1, -1, -1, -1, -1, -1, -1, -1, -1, -1, -1]
[1, 1, 1, 1, 1, -1, 1, -1, -1, -1, 1, 1, 1, 1, 1, 1, 1, 1, 1, 1, 1, 1, 1, 1, 1, 1, 1, 1, -1, -1, -1, -1, 1, -1, -1, -1, -1, -1, -1, -1, -1, -1, -1, -1, -1, -1, -1, -1, -1, -1]
[-1, 1, 1, 1, 1, 1, 1, -1, -1, -1, 1, 1, 1, 1, 1, 1, 1, 1, 1, 1, 1, 1, 1, 1, 1, 1, 1, -1, -1, -1, -1, -1, 1, 1, -1, -1, -1, -1, -1, -1, -1, -1, -1, -1, -1, -1, -1, -1, -1, -1]
[-1, 1, 1, 1, 1, 1, 1, 1, 1, 1, 1, 1, 1, 1, 1, 1, 1, 1, 1, 1, 1, 1, 1, 1, 1, 1, 1, 1, -1, -1, -1, -1, 1, 1, -1, -1, -1, -1, -1, -1, -1, -1, -1, -1, -1, -1, -1, -1, -1, -1]
[1, -1, 1, 1, 1, 1, 1, 1, 1, 1, 1, 1, 1, 1, 1, 1, 1, 1, 1, 1, 1, 1, 1, 1, 1, 1, 1, 1, -1, -1, -1, -1, -1, 1, -1, -1, -1, -1, -1, -1, -1, -1, -1, -1, -1, -1, -1, -1, -1, -1]
[-1, -1, 1, 1, -1, 1, -1, -1, 1, 1, 1, 1, 1, 1, 1, 1, 1, 1, 1, 1, 1, 1, 1, 1, 1, 1, 1, -1, -1, -1, -1, -1, -1, 1, -1, -1, -1, -1, -1, -1, -1, -1, -1, -1, -1, -1, -1, -1, -1, -1]
[-1, -1, -1, 1, -1, 1, -1, -1, 1, 1, 1, 1, 1, 1, 1, 1, 1, 1, 1, 1, 1, 1, 1, 1, 1, 1, 1, 1, 1, -1, -1, -1, -1, -1, -1, -1, -1, -1, -1, -1, -1, -1, -1, -1, -1, -1, -1, -1, -1, -1]
[-1, -1, -1, 1, -1, -1, 1, 1, 1, 1, 1, 1, 1, 1, 1, 1, 1, 1, 1, 1, 1, -1, -1, -1, 1, 1, 1, 1, 1, 1, 1, 1, -1, -1, -1, -1, -1, -1, -1, -1, -1, -1, -1, -1, -1, -1, -1, -1, -1, -1]
[1, 1, -1, -1, -1, 1, 1, 1, 1, 1, 1, 1, 1, 1, 1, 1, 1, 1, 1, 1, 1, 1, -1, -1, 1, 1, 1, 1, 1, 1, 1, 1, -1, -1, -1, -1, -1, -1, -1, -1, -1, -1, -1, -1, -1, -1, -1, -1, -1, -1]
[1, 1, 1, -1, -1, 1, 1, 1, 1, 1, 1, 1, 1, 1, 1, 1, 1, 1, 1, 1, 1, 1, 1, 1, 1, 1, 1, 1, 1, 1, 1, 1, -1, -1, -1, -1, -1, -1, -1, -1, -1, -1, -1, -1, -1, -1, -1, -1, -1, -1]
[-1, 1, -1, -1, -1, -1, 1, 1, 1, 1, 1, 1, 1, 1, 1, 1, 1, 1, 1, 1, 1, 1, 1, 1, 1, 1, 1, 1, 1, 1, 1, -1, -1, -1, -1, 1, 1, -1, -1, -1, -1, -1, -1, -1, -1, -1, -1, -1, -1, -1]
[-1, -1, -1, -1, -1, -1, 1, 1, 1, 1, 1, 1, 1, 1, 1, 1, 1, 1, 1, 1, 1, 1, 1, 1, 1, 1, 1, 1, 1, 1, 1, 1, -1, -1, -1, 1, 1, -1, -1, -1, -1, -1, -1, -1, -1, -1, -1, -1, -1, -1]
[-1, -1, -1, -1, -1, 1, 1, 1, 1, 1, 1, 1, 1, 1, 1, 1, 1, 1, 1, 1, 1, 1, 1, 1, 1, 1, 1, 1, 1, 1, 1, 1, -1, -1, 1, 1, -1, -1, -1, -1, -1, -1, 1, 1, 1, -1, -1, -1, -1, -1]
[-1, -1, -1, -1, -1, -1, -1, -1, 1, 1, 1, 1, 1, 1, 1, 1, 1, 1, 1, 1, 1, 1, 1, 1, 1, 1, 1, 1, 1, 1, 1, 1, 1, 1, 1, 1, 1, -1, 1, 1, 1, -1, 1, 1, 1, -1, -1, -1, -1, -1]
[-1, -1, -1, -1, -1, -1, -1, -1, -1, 1, 1, 1, 1, 1, 1, 1, 1, 1, 1, 1, 1, 1, 1, 1, 1, 1, 1, 1, 1, 1, 1, 1, 1, 1, 1, 1, 1, 1, 1, 1, 1, 1, 1, 1, 1, -1, -1, -1, -1, -1]
[-1, 1, -1, -1, -1, -1, -1, -1, -1, 1, 1, 1, 1, 1, 1, 1, 1, 1, 1, 1, 1, 1, 1, 1, 1, 1, 1, 1, 1, 1, 1, 1, 1, 1, 1, 1, 1, 1, 1, 1, 1, 1, 1, 1, 1, 1, 1, -1, -1, -1]
[-1, 1, 1, 1, 1, -1, -1, -1, -1, 1, 1, 1, 1, 1, 1, 1, 1, 1, 1, 1, 1, 1, 1, 1, 1, 1, 1, 1, 1, -1, -1, -1, 1, 1, 1, 1, 1, 1, 1, 1, 1, 1, 1, 1, 1, -1, -1, -1, -1, -1]
[-1, -1, -1, 1, 1, 1, 1, 1, 1, 1, 1, 1, 1, 1, 1, 1, 1, 1, 1, 1, 1, 1, 1, 1, 1, 1, 1, 1, 1, 1, -1, -1, 1, 1, 1, 1, 1, 1, 1, 1, 1, 1, 1, 1, 1, -1, -1, -1, -1, -1]
[-1, -1, -1, -1, -1, -1, 1, 1, 1, 1, 1, 1, 1, 1, 1, 1, 1, 1, 1, 1, 1, 1, 1, 1, 1, 1, 1, 1, 1, 1, 1, 1, 1, 1, 1, 1, 1, 1, 1, 1, 1, 1, 1, -1, -1, -1, -1, -1, -1, -1]
[-1, -1, -1, -1, -1, -1, 1, 1, 1, 1, 1, 1, 1, 1, 1, 1, 1, 1, 1, 1, 1, 1, 1, 1, 1, 1, 1, 1, 1, 1, 1, 1, 1, 1, 1, 1, 1, 1, 1, 1, 1, 1, 1, -1, -1, -1, -1, 1, -1, -1]
[-1, -1, -1, -1, -1, -1, -1, 1, 1, 1, 1, 1, 1, 1, 1, 1, 1, 1, 1, 1, 1, 1, 1, 1, 1, 1, 1, 1, 1, 1, 1, 1, 1, 1, 1, 1, 1, 1, 1, 1, 1, 1, 1, -1, 1, -1, -1, 1, 1, 1]
[-1, -1, -1, -1, -1, -1, -1, 1, 1, 1, 1, 1, 1, 1, 1, 1, 1, 1, 1, 1, 1, 1, 1, 1, 1, 1, 1, 1, 1, 1, 1, 1, 1, 1, 1, 1, 1, 1, 1, 1, 1, 1, 1, 1, 1, 1, 1, 1, 1, 1]
[-1, -1, -1, -1, -1, -1, 1, 1, 1, 1, 1, 1, 1, 1, 1, 1, 1, 1, 1, 1, 1, 1, 1, 1, 1, 1, 1, 1, 1, 1, 1, 1, 1, 1, 1, 1, 1, 1, 1, 1, 1, 1, 1, 1, 1, 1, 1, 1, 1, 1]
[1, -1, -1, -1, -1, -1, 1, 1, 1, 1, 1, 1, 1, 1, 1, 1, 1, 1, 1, 1, 1, 1, 1, 1, 1, 1, 1, 1, 1, 1, -1, -1, 1, 1, 1, 1, 1, 1, 1, 1, 1, 1, 1, 1, 1, 1, 1, -1, -1, 1]
[1, -1, -1, -1, -1, -1, 1, 1, 1, 1, 1, 1, 1, 1, 1, 1, 1, 1, 1, 1, 1, 1, 1, 1, 1, 1, 1, 1, 1, 1, -1, -1, 1, 1, 1, 1, 1, 1, 1, 1, 1, 1, 1, 1, 1, 1, 1, -1, -1, 1]
[1, -1, -1, -1, 1, -1, 1, 1, 1, 1, 1, 1, 1, 1, 1, 1, 1, 1, 1, 1, 1, 1, 1, 1, 1, 1, 1, 1, 1, 1, 1, 1, 1, 1, 1, 1, 1, 1, 1, 1, 1, 1, 1, 1, 1, 1, 1, 1, 1, 1]
[-1, -1, -1, 1, 1, 1, 1, 1, 1, 1, 1, 1, 1, 1, 1, 1, 1, 1, 1, 1, 1, 1, 1, 1, 1, 1, 1, 1, 1, 1, 1, 1, 1, 1, 1, 1, 1, 1, 1, 1, 1, 1, 1, 1, 1, 1, 1, 1, 1, 1]
[1, 1, 1, 1, 1, 1, 1, 1, 1, 1, 1, 1, 1, 1, 1, 1, 1, 1, 1, 1, 1, 1, 1, 1, 1, 1, 1, 1, 1, 1, 1, 1, 1, 1, 1, 1, 1, 1, 1, 1, 1, 1, 1, 1, 1, 1, 1, 1, -1, -1]
Reconstruct Rate : 
 	2148/2400.0 = 0.895
